76	9	165
76	9	67
76	8	3
76	8	73
76	8	6
76	8	4
76	8	7
76	8	32
76	8	158
76	8	86
76	8	153
76	8	38
76	8	154
76	9	277
76	20	270
76	20	193
76	20	195
76	20	171
76	20	67
76	20	44
76	20	197
76	20	468
76	8	42
76	8	0
76	8	171
76	8	5
76	8	155
76	23	95
76	8	156
76	8	2
76	8	1
76	9	32
76	8	170
76	8	67
76	70	115
76	8	74
76	8	11
76	8	30
76	8	196
76	8	72
76	8	109
76	20	216
76	8	15
76	8	55
76	8	459
76	8	176
76	8	128
76	8	197
76	8	195
76	9	169
76	25	67
76	62	58
76	62	55
76	62	87
76	62	88
76	8	75
76	8	63
16	9	67
16	9	165
16	8	73
16	8	6
16	8	4
16	8	7
16	8	3
16	8	32
16	8	158
16	8	86
16	20	270
16	20	193
16	20	195
16	20	171
16	20	67
16	20	44
16	20	197
16	20	468
16	8	153
16	8	38
16	8	154
16	8	0
16	8	42
16	8	171
16	70	115
16	9	277
16	8	5
16	8	156
16	8	155
16	8	2
16	8	67
16	8	74
16	8	11
16	8	170
16	9	32
16	8	1
16	8	30
16	8	196
16	8	72
16	8	55
16	8	15
16	8	176
16	8	109
16	8	128
16	83	115
16	9	169
16	8	197
16	8	459
16	25	67
16	8	195
16	20	216
16	8	141
16	8	63
16	8	75
16	8	20
16	8	275
16	25	169
16	25	168
16	25	156
16	25	155
16	25	32
16	25	117
16	25	197
16	25	198
16	25	195
16	25	72
16	25	54
16	25	504
16	9	75
16	36	129
16	3	9
16	12	6
16	8	490
16	12	7
16	8	294
16	8	198
16	8	69
16	12	4
16	2	6
16	2	7
16	2	4
16	3	16
16	3	29
16	36	127
16	36	130
16	12	170
16	2	38
16	12	38
16	12	36
16	2	3
16	12	40
16	2	170
16	77	127
16	77	129
16	12	3
16	53	124
16	4	55
16	4	56
16	4	58
16	2	158
16	2	153
16	3	33
16	75	16
16	12	153
16	75	9
16	9	54
16	53	130
16	53	129
16	12	86
16	12	158
16	3	10
16	77	130
16	36	124
16	4	59
16	75	29
16	2	36
16	140	188
16	140	240
16	2	0
16	4	6
16	12	0
16	2	154
16	2	40
16	3	27
16	133	209
16	2	5
16	2	86
16	12	154
16	2	1
16	133	67
16	9	197
16	4	60
16	12	39
16	9	195
16	12	5
16	4	120
16	12	1
16	2	42
16	12	37
16	77	124
16	2	32
16	53	127
16	2	39
16	4	35
16	2	55
16	75	33
16	9	164
16	9	218
16	12	32
16	3	53
16	12	55
16	75	10
16	3	34
16	3	49
16	12	42
16	3	18
16	9	268
16	75	27
16	9	196
16	12	41
16	2	37
16	2	30
16	2	17
16	3	19
16	12	30
16	12	17
16	36	35
16	133	32
16	75	34
16	23	95
16	8	117
16	75	53
16	75	49
16	3	31
16	4	83
16	2	117
16	2	184
16	2	41
16	75	18
16	12	184
16	36	122
16	20	352
16	20	117
16	20	32
16	20	168
16	126	17
16	126	30
16	9	117
16	2	176
16	77	35
16	3	22
16	67	177
16	12	176
16	126	32
16	67	129
16	4	106
16	53	35
16	12	171
16	3	30
16	53	122
16	4	87
16	3	17
16	9	217
22	9	165
22	9	67
22	8	3
22	8	73
22	8	6
22	8	4
22	8	7
22	8	32
22	8	158
22	8	86
22	8	153
22	8	38
22	8	154
22	9	277
22	20	270
22	20	193
22	20	195
22	20	171
22	20	67
22	20	44
22	20	197
22	20	468
22	8	0
22	8	42
22	8	171
22	8	5
22	8	155
22	8	156
22	8	2
22	8	1
22	9	32
22	8	170
22	8	67
22	8	74
22	8	11
22	8	30
22	8	109
22	8	196
22	8	72
22	70	115
22	8	15
22	8	128
22	8	459
22	8	55
22	8	176
22	20	216
22	8	197
22	8	195
22	25	67
22	8	75
22	9	169
22	8	63
22	2	6
22	2	7
22	2	4
22	8	275
22	8	20
22	8	141
22	25	169
22	25	168
22	25	156
22	25	155
22	25	32
22	25	117
22	25	197
22	25	198
22	25	195
22	25	72
22	25	54
22	25	504
22	8	490
22	12	6
22	8	294
22	8	198
22	8	69
22	12	7
22	12	4
22	23	95
22	83	115
22	2	38
22	2	3
22	3	9
22	12	36
22	2	170
22	3	29
22	3	16
22	12	170
22	12	38
22	2	158
22	2	153
22	12	40
22	2	36
22	12	3
22	2	40
18	9	165
18	9	67
18	8	3
18	8	73
18	8	6
18	8	4
18	8	7
18	8	32
18	8	158
18	8	86
18	8	38
18	8	153
18	9	277
18	8	154
18	20	270
18	20	193
18	20	195
18	20	171
18	20	67
18	20	44
18	20	197
18	20	468
18	8	0
18	8	42
18	8	171
18	8	5
18	8	155
18	8	156
18	8	2
18	8	170
18	9	32
18	8	67
18	8	74
18	8	1
18	8	11
18	70	115
18	8	30
18	8	196
18	8	72
18	8	109
18	8	15
18	8	55
18	8	176
18	25	67
18	8	128
18	8	459
18	8	197
18	20	216
18	8	195
18	9	169
18	8	75
18	2	6
18	2	7
18	2	4
18	8	63
18	8	141
18	8	275
18	25	169
18	25	168
18	25	156
18	25	155
18	25	32
18	25	117
18	25	197
18	25	198
18	25	195
18	25	72
18	25	54
18	25	504
18	8	20
18	83	115
18	12	6
18	12	7
18	12	4
18	8	490
18	8	294
18	8	198
18	8	69
18	2	38
18	2	3
18	3	9
18	12	36
18	2	170
18	3	29
18	3	16
18	12	170
18	53	124
18	2	158
18	9	75
18	12	38
18	2	153
18	23	95
18	2	36
18	12	40
18	9	54
18	12	3
18	53	130
18	2	40
18	53	129
18	133	209
18	2	0
18	2	154
18	36	129
18	3	33
18	12	153
18	133	67
18	4	58
18	4	56
18	4	55
18	3	10
18	12	158
18	12	86
18	2	86
18	2	5
18	2	1
18	3	27
18	36	130
18	9	197
18	12	0
18	36	127
18	9	195
18	3	18
18	4	6
18	12	39
18	4	59
18	12	154
18	2	39
18	62	55
18	62	87
18	62	58
18	62	88
18	140	188
18	140	240
18	75	16
18	2	32
18	75	9
18	2	42
18	75	29
18	2	55
18	53	127
18	12	37
18	4	60
18	36	124
18	12	5
18	3	53
18	12	1
18	9	164
18	3	49
18	2	37
29	9	67
29	9	165
29	8	73
29	8	6
29	8	4
29	8	7
29	8	3
29	8	32
29	8	158
29	8	86
29	20	270
29	20	193
29	20	195
29	20	171
29	20	67
29	20	44
29	20	197
29	20	468
29	8	153
29	8	38
29	8	154
29	8	0
29	8	42
29	8	171
29	8	5
29	9	277
29	8	155
29	8	156
29	8	2
29	8	74
29	8	67
29	8	170
29	8	11
29	8	1
29	9	32
29	8	30
29	8	196
29	8	72
29	8	55
29	8	176
29	8	15
29	8	109
29	70	115
29	20	216
29	8	128
29	8	197
29	9	169
29	8	459
29	8	195
29	25	67
29	8	75
29	8	63
29	8	141
29	8	275
29	8	20
29	25	169
29	25	168
29	25	156
29	25	155
29	25	32
29	25	117
29	25	197
29	25	198
29	25	195
29	25	72
29	25	54
29	25	504
29	12	6
29	9	75
29	12	7
29	12	4
29	8	490
29	8	294
29	8	198
29	8	69
29	2	6
29	2	7
29	2	4
29	83	115
29	12	36
29	12	170
29	12	38
29	36	129
29	2	38
29	3	9
29	2	3
29	3	29
29	12	40
29	12	3
29	2	170
29	36	127
29	3	16
29	36	130
29	2	158
29	4	55
29	4	56
29	4	58
29	53	124
29	2	153
29	9	54
29	12	153
29	12	86
29	12	158
29	2	36
29	53	130
29	4	59
29	53	129
29	12	0
29	2	0
29	2	154
29	4	6
29	2	40
29	2	5
29	3	33
29	12	154
29	2	1
29	2	86
29	133	209
29	3	10
29	77	127
29	77	129
29	12	39
29	9	197
29	4	60
29	133	67
29	12	5
29	9	195
29	36	124
29	4	120
29	12	1
29	75	16
29	75	9
29	2	32
29	12	37
29	3	27
29	77	130
29	2	42
29	75	29
29	2	39
29	140	188
29	2	55
29	140	240
29	4	35
29	53	127
29	9	164
29	12	32
29	12	55
29	9	218
29	12	42
29	9	268
29	12	41
29	9	196
29	3	34
29	3	53
29	3	49
29	2	37
29	77	124
29	2	30
29	2	17
29	75	33
29	8	117
29	3	18
29	75	10
29	12	30
29	12	17
29	75	27
29	2	117
29	9	117
29	2	41
29	12	184
29	133	32
29	2	184
29	3	19
29	4	83
29	67	177
29	126	17
29	126	30
29	23	95
29	2	176
29	12	176
29	36	35
29	67	129
29	20	352
29	20	117
29	20	32
29	20	168
29	4	106
29	126	32
29	12	171
29	3	31
29	8	17
29	53	122
29	53	35
29	4	87
29	75	34
29	67	127
29	9	217
29	36	122
29	75	53
29	75	49
29	2	171
29	53	132
29	53	133
29	3	22
29	12	117
29	75	18
29	45	6
29	3	30
29	45	7
29	45	4
29	3	17
29	4	74
29	12	183
29	36	177
29	77	35
29	70	116
29	2	183
29	2	157
29	79	45
9	9	67
9	9	165
9	8	73
9	8	6
9	8	4
9	8	7
9	8	3
9	8	32
9	8	158
9	8	86
9	20	270
9	20	193
9	20	195
9	20	171
9	20	67
9	20	44
9	20	197
9	20	468
9	8	153
9	8	38
9	8	154
9	8	0
9	8	42
9	8	171
9	70	115
9	9	277
9	8	156
9	8	5
9	8	155
9	8	67
9	8	2
9	8	74
9	8	170
9	8	11
9	9	32
9	8	1
9	8	30
9	8	196
9	8	72
9	8	55
9	8	15
9	8	176
9	8	109
9	8	128
9	9	169
9	8	197
9	8	459
9	8	195
9	25	67
9	20	216
9	8	63
9	8	141
9	8	75
9	8	20
9	8	275
9	83	115
9	9	75
9	25	169
9	25	168
9	25	156
9	25	155
9	25	32
9	25	117
9	25	197
9	25	198
9	25	195
9	25	72
9	25	54
9	25	504
9	12	6
9	12	7
9	8	490
9	8	294
9	8	198
9	8	69
9	36	129
9	12	4
9	3	9
9	2	6
9	2	7
9	2	4
9	3	29
9	3	16
9	36	127
9	36	130
9	12	36
9	12	38
9	12	170
9	2	38
9	2	3
9	12	40
9	53	124
9	12	3
9	2	170
9	4	55
9	4	56
9	4	58
9	2	158
9	2	153
9	53	130
9	3	33
9	53	129
9	12	153
9	12	86
9	9	54
9	12	158
9	77	127
9	77	129
9	3	10
9	36	124
9	2	36
9	4	59
9	12	0
9	2	0
9	4	6
9	2	40
9	2	154
9	75	16
9	75	9
9	3	27
9	77	130
9	133	209
9	12	154
9	2	86
9	2	5
9	9	197
9	75	29
9	140	188
9	140	240
9	2	1
9	12	39
9	9	195
9	133	67
9	4	60
9	12	5
9	4	120
9	12	37
9	53	127
9	12	1
9	2	42
9	2	32
9	2	39
9	9	164
9	2	55
9	4	35
9	3	34
9	12	55
9	12	32
9	3	53
9	3	49
9	12	42
9	9	218
9	77	124
9	9	268
9	9	196
9	12	41
9	75	33
9	3	18
9	75	10
9	2	37
9	75	27
9	2	30
9	2	17
9	3	19
9	12	30
9	12	17
9	23	95
9	133	32
9	36	35
9	8	117
9	3	31
9	2	184
9	67	177
9	12	184
9	2	41
9	2	117
9	4	83
9	67	129
9	75	34
9	20	352
9	20	117
9	20	32
9	20	168
9	36	122
9	2	176
9	75	53
9	75	49
9	12	176
9	53	35
9	53	122
9	3	22
9	9	117
9	126	17
9	126	30
9	12	171
9	75	18
9	67	127
9	4	106
9	3	30
9	70	116
9	36	177
9	3	17
9	77	35
9	4	87
9	126	32
9	53	132
9	53	133
9	9	217
9	62	55
9	62	87
9	62	58
9	62	88
9	2	171
102	23	95
40	24	6
40	24	7
40	24	4
40	24	5
40	24	38
40	24	158
40	24	3
40	24	1
40	24	32
40	24	153
38	24	6
38	24	7
38	24	4
38	24	158
38	24	38
38	24	32
38	24	5
38	24	3
38	24	155
38	24	153
38	24	1
38	24	154
38	24	0
38	24	42
38	24	117
38	24	170
38	43	104
38	43	15
38	43	106
38	43	58
38	43	55
38	43	117
38	43	320
38	43	341
38	24	63
38	6	104
38	6	15
38	6	106
38	6	58
38	6	55
38	6	117
38	6	320
38	6	341
38	149	104
38	149	15
38	149	106
38	149	58
38	149	55
38	149	117
38	149	320
38	149	341
38	202	104
38	202	15
38	202	106
38	202	58
38	202	55
38	202	117
38	202	320
38	202	341
38	1	104
38	1	15
38	1	106
38	1	58
38	1	55
38	1	117
38	1	320
38	1	341
38	24	86
6	24	6
6	24	7
6	24	4
6	24	158
6	24	38
6	24	32
6	24	3
6	24	5
6	24	153
6	24	1
6	24	154
6	24	155
6	24	0
6	24	170
6	24	42
6	24	117
6	24	86
6	24	55
6	24	30
6	24	156
6	24	109
6	24	63
6	24	73
6	24	69
6	24	171
6	24	176
6	24	74
6	24	2
6	24	67
6	24	11
6	177	6
6	24	17
6	24	197
6	43	104
6	43	15
6	43	106
6	43	58
6	43	55
6	43	117
6	43	320
6	43	341
6	6	104
6	6	15
6	6	106
6	6	58
6	6	55
6	6	117
6	6	320
6	6	341
6	24	157
6	149	104
6	149	15
6	149	106
6	149	58
6	149	55
6	149	117
6	149	320
6	149	341
6	24	195
6	202	104
6	202	15
6	202	106
6	202	58
6	202	55
6	202	117
6	202	320
6	202	341
6	1	104
6	1	15
6	1	106
6	1	58
6	1	55
6	1	117
6	1	320
6	1	341
6	24	20
6	64	6
6	24	72
6	64	4
6	64	7
6	24	15
6	46	29
6	24	196
6	64	5
6	24	128
39	24	6
39	24	7
39	24	4
39	24	1
39	24	5
39	43	104
39	43	15
39	43	106
39	43	58
39	43	55
39	43	117
39	43	320
39	43	341
39	24	38
39	6	104
39	6	15
39	6	106
39	6	58
39	6	55
39	6	117
39	6	320
39	6	341
39	149	104
39	149	15
39	149	106
39	149	58
39	149	55
39	149	117
39	149	320
39	149	341
39	202	104
39	202	15
39	202	106
39	202	58
39	202	55
39	202	117
39	202	320
39	202	341
39	1	104
39	1	15
39	1	106
39	1	58
39	1	55
39	1	117
39	1	320
39	1	341
39	24	32
39	24	158
39	24	3
39	24	153
39	24	155
39	24	63
39	24	69
39	24	154
5	24	6
5	24	7
5	24	158
5	24	4
5	24	32
5	24	38
5	24	5
5	24	3
5	24	153
5	24	155
5	24	1
5	24	154
5	24	117
5	24	0
5	24	170
5	24	42
5	24	86
5	177	6
5	64	6
4	24	6
4	24	7
4	24	4
4	24	158
4	24	32
4	24	38
4	24	5
4	24	3
4	24	153
4	24	155
4	24	1
4	24	154
4	24	0
4	24	117
4	24	42
4	24	170
4	24	86
4	24	156
4	24	55
4	24	73
4	24	30
4	24	63
4	177	6
4	43	104
4	43	15
4	43	106
4	43	58
4	43	55
4	43	117
4	43	320
4	43	341
4	24	109
4	6	104
4	6	15
4	6	106
4	6	58
4	6	55
4	6	117
4	6	320
4	6	341
4	149	104
4	149	15
4	149	106
4	149	58
4	149	55
4	149	117
4	149	320
4	149	341
4	202	104
4	202	15
4	202	106
4	202	58
4	202	55
4	202	117
4	202	320
4	202	341
4	1	104
4	1	15
4	1	106
4	1	58
4	1	55
4	1	117
4	1	320
4	1	341
4	24	171
4	24	69
4	24	74
4	24	2
4	64	6
4	24	11
4	64	4
4	64	7
4	24	176
4	24	67
4	46	29
36	24	6
36	24	7
36	24	4
36	24	5
36	24	38
36	24	158
36	24	1
36	24	3
36	24	32
36	24	153
36	24	154
36	24	155
36	24	0
7	24	6
7	24	7
7	24	4
7	24	158
7	24	32
7	24	38
7	24	5
7	24	3
7	24	153
7	24	155
7	24	1
7	24	154
7	24	0
7	24	117
7	24	42
7	24	170
7	24	86
7	24	156
7	24	55
7	24	73
7	24	30
7	177	6
7	24	63
7	24	109
7	43	104
7	43	15
7	43	106
7	43	58
7	43	55
7	43	117
7	43	320
7	43	341
7	6	104
7	6	15
7	6	106
7	6	58
7	6	55
7	6	117
7	6	320
7	6	341
7	149	104
7	149	15
7	149	106
7	149	58
7	149	55
7	149	117
7	149	320
7	149	341
7	202	104
7	202	15
7	202	106
7	202	58
7	202	55
7	202	117
7	202	320
7	202	341
7	1	104
7	1	15
7	1	106
7	1	58
7	1	55
7	1	117
7	1	320
7	1	341
7	24	171
7	24	69
7	24	74
7	24	2
7	64	6
7	24	11
7	64	7
7	64	4
7	24	176
7	24	67
7	46	29
158	24	6
158	24	7
158	24	158
1	24	6
1	24	7
1	24	4
1	24	158
1	24	32
1	24	3
1	24	38
1	24	153
1	24	5
1	24	155
1	24	154
1	24	1
1	24	117
1	24	0
1	24	42
19	9	67
19	9	165
19	8	73
19	8	6
19	8	4
19	8	7
19	8	3
19	9	277
19	8	32
19	8	86
19	8	158
19	8	153
19	8	38
19	8	154
19	20	270
19	20	193
19	20	195
19	20	171
19	20	67
19	20	44
19	20	197
19	20	468
19	8	0
19	8	42
19	8	171
19	8	5
19	8	155
19	8	156
19	8	2
19	8	74
19	8	11
19	8	67
19	8	170
19	70	115
19	9	32
19	8	30
19	8	1
19	8	72
19	8	196
19	8	55
19	8	176
19	20	216
19	8	15
19	9	169
19	25	67
19	9	75
19	8	109
19	8	128
19	8	197
19	8	459
19	8	195
19	8	141
19	25	169
19	25	168
19	25	156
19	25	155
19	25	32
19	25	117
19	25	197
19	25	198
19	25	195
19	25	72
19	25	54
19	25	504
19	8	75
19	36	129
19	8	63
19	8	20
19	8	275
19	8	490
19	8	294
19	8	198
19	8	69
19	12	6
19	36	130
19	12	7
19	12	4
19	2	6
19	2	7
19	36	127
19	2	4
19	3	9
19	3	16
19	83	115
19	3	29
19	53	124
19	2	38
19	12	36
19	12	38
19	12	170
19	2	3
19	36	124
19	12	40
19	53	129
19	53	130
19	2	170
19	12	3
19	2	158
19	77	127
19	77	129
19	4	55
19	4	56
19	4	58
19	2	153
19	12	153
19	77	130
19	3	33
19	12	158
19	2	36
19	2	0
19	4	59
19	12	86
19	2	40
19	2	154
19	9	218
19	4	6
19	133	209
19	12	0
19	3	10
19	133	67
34	9	165
34	9	67
34	8	73
34	8	6
34	8	4
34	8	7
34	8	3
34	8	32
34	8	158
34	8	86
34	8	153
34	8	38
34	8	154
34	20	270
34	20	193
34	20	195
34	20	171
34	20	67
34	20	44
34	20	197
34	20	468
34	9	277
34	8	42
34	8	0
34	8	171
34	8	156
34	8	5
34	8	155
34	8	67
34	8	2
34	9	32
34	8	74
34	8	11
34	8	170
34	8	1
34	8	30
34	8	196
34	8	72
34	8	55
34	8	176
34	70	115
34	8	15
34	8	109
34	25	67
34	8	128
34	9	169
34	8	197
34	8	459
34	20	216
34	8	195
34	8	141
34	8	63
34	25	169
34	25	168
34	25	156
34	25	155
34	25	32
34	25	117
34	25	197
34	25	198
34	25	195
34	25	72
34	25	54
34	25	504
34	2	6
34	8	75
34	2	7
34	2	4
34	9	75
34	8	20
34	12	6
34	12	7
34	8	275
34	12	4
34	53	124
34	8	490
34	8	294
34	8	198
34	8	69
34	36	129
34	2	38
34	53	130
34	53	129
34	2	3
34	83	115
34	2	170
34	12	36
34	12	170
34	36	127
34	36	130
34	12	38
34	4	55
34	4	56
34	4	58
34	2	153
34	2	158
34	9	54
34	3	9
34	12	40
34	12	3
34	3	29
34	2	36
34	3	16
34	4	59
34	2	0
34	4	6
34	2	154
34	12	153
34	12	86
34	133	209
34	2	40
34	12	158
34	2	5
34	2	1
34	3	33
34	2	86
34	53	127
34	9	197
34	133	67
34	12	0
34	9	195
34	3	10
34	4	60
34	36	124
34	77	129
34	77	127
34	9	268
34	12	154
34	9	164
34	12	39
34	4	120
34	9	196
34	2	42
34	2	32
34	77	130
34	12	5
34	3	27
34	2	39
34	4	35
34	2	55
34	12	37
34	3	34
34	12	1
34	75	16
34	75	9
34	12	55
34	75	29
34	12	32
34	12	42
34	12	41
34	2	30
34	2	17
34	3	53
34	2	37
34	3	49
34	140	188
34	140	240
34	77	124
34	67	177
34	75	33
34	67	129
34	75	10
34	9	218
34	53	35
68	9	67
68	9	165
68	20	270
68	20	193
68	20	195
68	20	171
68	20	67
68	20	44
68	20	197
68	20	468
68	8	73
68	8	6
68	8	4
68	8	7
68	8	3
68	8	32
68	8	158
68	8	86
68	8	153
68	8	38
68	8	154
68	8	42
68	8	0
68	8	171
68	8	155
68	8	156
68	8	5
68	8	74
68	9	277
68	20	216
68	8	11
68	8	170
68	8	2
68	8	1
68	9	32
68	8	67
68	8	30
68	8	196
68	8	109
68	8	55
68	8	176
68	25	67
68	8	15
68	8	72
68	8	197
68	25	169
68	25	168
68	25	156
68	25	155
68	25	32
68	25	117
68	25	197
68	25	198
68	25	195
68	25	72
68	25	54
68	25	504
68	8	128
68	8	459
68	8	195
68	9	169
68	45	6
68	45	7
68	45	4
68	8	63
68	8	75
68	70	115
68	8	141
68	8	275
68	8	20
68	8	490
68	79	45
68	8	294
68	8	198
68	8	69
68	12	6
68	12	7
53	9	67
53	9	165
53	8	73
53	8	6
53	8	4
53	8	7
53	8	3
53	8	32
53	8	158
53	8	86
53	8	153
53	8	38
53	9	277
53	8	154
53	20	270
53	20	193
53	20	195
53	20	171
53	20	67
53	20	44
53	20	197
53	20	468
53	8	0
53	8	42
53	8	171
53	8	5
53	8	155
53	8	156
53	8	2
53	8	1
53	8	67
53	9	32
53	8	170
53	8	74
53	8	11
53	8	30
53	8	196
53	8	72
53	8	109
53	70	115
53	8	55
53	8	15
53	8	176
53	8	128
53	25	67
53	8	459
53	8	197
53	8	195
53	8	63
53	8	75
53	9	169
53	2	6
53	2	7
53	2	4
53	25	169
53	25	168
53	25	156
53	25	155
53	25	32
53	25	117
53	25	197
53	25	198
53	25	195
53	25	72
53	25	54
53	25	504
53	8	20
53	8	275
53	8	141
53	20	216
53	8	490
53	8	294
53	8	198
53	8	69
53	12	6
53	12	7
53	12	4
53	2	38
53	9	75
53	53	124
53	2	3
53	2	170
53	83	115
53	53	130
53	53	129
53	2	158
53	2	153
53	12	36
53	36	129
53	4	55
53	4	56
53	4	58
53	3	9
53	12	38
53	12	170
53	12	40
53	3	29
53	9	54
53	2	36
53	36	130
53	3	16
53	36	127
53	12	3
53	2	154
53	2	0
53	2	40
53	4	59
53	133	209
53	4	6
53	133	67
53	2	86
53	2	5
53	3	33
53	12	153
53	2	1
53	12	86
53	12	158
53	3	10
53	9	197
53	9	195
53	4	60
53	12	0
53	53	127
53	2	32
53	2	42
53	12	39
53	2	39
53	3	27
53	4	120
53	12	154
53	36	124
53	2	55
53	12	37
53	9	164
53	77	129
53	77	127
53	4	35
53	12	5
53	77	130
53	9	268
53	3	53
53	12	1
53	3	49
53	2	37
53	9	196
53	75	16
53	75	9
53	12	55
53	3	34
53	12	32
53	2	30
53	75	29
53	2	17
53	140	188
53	12	41
53	140	240
53	12	42
53	3	18
53	133	32
33	9	67
33	9	165
33	8	73
33	8	6
33	8	4
33	8	7
33	8	3
33	8	32
33	8	86
33	8	158
33	8	153
33	8	38
33	8	154
33	20	270
33	20	193
33	20	195
33	20	171
33	20	67
33	20	44
33	20	197
33	20	468
33	9	277
33	8	0
33	8	42
33	8	171
33	8	5
33	8	155
33	8	156
33	8	2
33	8	67
33	8	170
33	8	74
33	9	32
33	8	11
33	8	1
33	8	30
33	8	72
33	8	196
33	8	15
33	8	55
33	8	176
33	70	115
33	8	109
33	25	67
33	8	128
33	9	169
33	8	197
33	8	459
33	8	195
33	20	216
33	8	141
33	8	75
33	8	63
33	25	169
33	25	168
33	25	156
33	25	155
33	25	32
33	25	117
33	25	197
33	25	198
33	25	195
33	25	72
33	25	54
33	25	504
33	9	75
33	8	275
33	8	20
33	2	6
33	2	7
33	2	4
33	12	6
33	8	490
33	8	294
33	8	198
33	8	69
33	12	7
33	12	4
33	53	124
33	2	38
33	53	130
33	36	129
33	53	129
33	2	3
33	83	115
33	12	36
33	3	9
33	2	170
33	12	170
33	12	38
33	3	29
33	36	127
33	36	130
33	2	158
33	12	40
33	3	16
33	2	153
33	9	54
33	12	3
33	4	55
33	4	58
33	4	56
33	2	36
33	2	40
33	3	33
33	2	0
33	12	153
33	2	154
33	3	10
33	12	158
33	9	197
33	9	195
33	133	209
33	12	86
33	4	59
33	2	5
33	4	6
33	53	127
33	2	86
33	12	0
33	2	1
33	133	67
33	9	164
33	12	39
33	77	127
33	77	129
33	3	27
33	9	268
33	36	124
33	12	154
33	4	60
33	2	39
33	2	42
33	2	32
33	77	130
33	9	196
33	12	37
33	2	55
33	12	5
33	4	120
33	75	16
33	75	9
33	12	1
33	75	29
33	140	188
33	140	240
33	3	34
33	4	35
33	3	53
33	3	49
33	12	55
33	2	37
33	12	32
33	12	42
33	12	41
33	75	33
33	2	30
33	2	17
33	9	218
33	3	18
33	75	10
33	77	124
33	67	177
33	67	129
33	75	27
33	133	32
33	53	122
33	53	35
33	2	41
33	8	117
33	12	30
33	12	17
33	67	127
33	3	19
33	2	117
33	2	184
33	20	352
33	20	117
33	20	32
33	20	168
33	3	31
33	53	132
33	53	133
33	2	176
33	126	17
33	126	30
33	75	34
33	4	83
33	23	95
33	12	184
33	126	32
33	3	30
33	75	53
33	75	49
33	3	17
49	9	67
49	9	165
49	8	73
49	8	6
49	8	4
49	8	7
49	8	3
49	8	32
49	8	158
49	8	86
49	8	153
49	8	38
49	9	277
49	8	154
49	20	270
49	20	193
49	20	195
49	20	171
49	20	67
49	20	44
49	20	197
49	20	468
49	8	0
49	8	42
49	8	171
49	8	5
49	8	155
49	8	156
49	8	2
49	8	1
49	8	67
49	9	32
49	8	170
49	8	74
49	8	11
49	8	30
49	8	196
49	8	72
49	8	109
49	8	55
49	8	15
49	70	115
49	8	176
49	8	128
49	25	67
49	8	459
49	8	197
49	8	195
49	8	63
49	8	75
49	9	169
49	2	6
49	2	7
49	2	4
49	25	169
49	25	168
49	25	156
49	25	155
49	25	32
49	25	117
49	25	197
49	25	198
49	25	195
49	25	72
49	25	54
49	25	504
49	8	20
49	8	275
49	8	141
49	20	216
49	8	490
49	8	294
49	8	198
49	8	69
49	12	6
49	12	7
49	12	4
49	2	38
49	9	75
49	53	124
49	2	3
49	2	170
49	83	115
49	53	130
49	53	129
49	2	158
49	2	153
49	12	36
49	36	129
49	4	55
49	4	56
49	4	58
49	3	9
49	12	38
49	12	170
49	12	40
49	9	54
49	3	29
49	2	36
49	36	130
49	3	16
49	36	127
49	12	3
49	2	154
49	2	0
49	2	40
49	4	59
49	133	209
49	4	6
49	133	67
49	2	86
49	2	5
49	3	33
49	12	153
49	2	1
49	12	86
49	12	158
49	3	10
49	9	197
49	9	195
49	4	60
49	12	0
49	53	127
49	2	32
49	2	42
49	12	39
49	2	39
49	3	27
49	4	120
49	12	154
49	36	124
49	2	55
49	12	37
49	9	164
49	77	129
49	77	127
49	4	35
49	12	5
49	77	130
49	9	268
49	3	53
49	12	1
49	2	37
49	3	49
49	9	196
49	12	55
49	75	16
49	75	9
49	3	34
49	2	30
49	12	32
49	2	17
49	75	29
49	12	41
49	12	42
49	140	188
49	140	240
49	3	18
49	133	32
23	9	67
23	9	165
23	8	73
23	8	6
23	8	4
23	8	7
23	8	3
23	8	32
23	8	86
23	8	158
23	8	153
23	8	38
23	8	154
23	20	270
23	20	193
23	20	195
23	20	171
23	20	67
23	20	44
23	20	197
23	20	468
23	8	0
23	8	42
23	8	171
23	9	277
23	8	5
23	8	155
23	8	2
23	8	156
23	8	74
23	8	11
23	8	170
23	8	67
23	20	216
23	70	115
23	9	32
23	8	30
23	8	72
23	8	1
23	25	67
23	8	196
23	8	55
23	8	176
23	8	15
23	9	75
23	8	109
23	25	169
23	25	168
23	25	156
23	25	155
23	25	32
23	25	117
23	25	197
23	25	198
23	25	195
23	25	72
23	25	54
23	25	504
23	8	128
23	9	169
23	8	197
23	8	195
23	8	459
23	8	141
23	36	129
23	8	75
23	8	63
23	8	275
23	12	6
23	12	7
23	8	20
23	12	4
23	36	130
23	8	294
23	8	490
23	8	198
23	8	69
23	36	127
23	2	6
23	2	7
23	2	4
23	83	115
27	9	67
27	9	165
27	8	73
27	8	6
27	8	4
27	8	7
27	8	3
27	8	32
27	8	86
27	8	158
27	8	153
27	8	38
27	8	154
27	9	277
27	20	270
27	20	193
27	20	195
27	20	171
27	20	67
27	20	44
27	20	197
27	20	468
27	8	0
27	8	42
27	8	171
27	8	5
27	8	156
27	8	155
27	8	2
27	8	67
27	8	170
27	9	32
27	8	1
27	8	74
27	8	11
27	70	115
27	8	30
27	8	72
27	8	196
27	8	15
27	8	109
27	8	55
27	8	176
27	25	67
27	8	128
27	8	459
27	8	197
27	8	195
27	9	169
27	20	216
27	8	75
27	8	63
27	25	169
27	25	168
27	25	156
27	25	155
27	25	32
27	25	117
27	25	197
27	25	198
27	25	195
27	25	72
27	25	54
27	25	504
27	8	141
27	8	20
27	2	6
27	2	7
27	8	275
27	2	4
27	8	490
27	8	294
27	8	198
27	8	69
27	12	6
27	12	7
27	9	75
27	12	4
27	83	115
27	2	38
27	53	124
27	2	3
27	3	9
27	36	129
27	2	170
27	53	130
27	12	36
27	3	29
27	53	129
27	2	158
27	3	16
27	12	38
27	12	170
27	2	153
27	36	130
27	36	127
27	12	40
27	4	55
27	4	56
27	4	58
27	12	3
27	2	36
27	9	54
27	2	40
27	2	0
27	2	154
27	3	33
27	133	209
27	4	59
27	12	153
27	133	67
27	4	6
27	3	10
27	12	158
27	2	86
27	12	86
27	2	5
27	2	1
27	12	0
27	36	124
27	3	27
27	9	197
27	9	195
27	53	127
27	12	39
27	4	60
27	77	127
27	77	129
27	2	39
27	12	154
27	2	42
27	2	32
27	4	120
27	77	130
27	2	55
27	75	16
27	12	37
27	75	9
27	9	164
27	75	29
27	140	188
27	140	240
27	4	35
27	12	5
27	12	1
27	3	53
27	3	49
27	9	268
27	2	37
27	3	34
27	12	55
27	9	196
27	12	32
27	77	124
27	12	42
27	3	18
27	9	218
27	12	41
27	2	30
27	2	17
27	75	33
27	23	95
27	75	10
27	75	27
27	133	32
27	2	41
27	2	184
27	3	19
27	126	17
27	126	30
27	12	30
27	12	17
27	53	35
27	67	177
10	9	67
10	9	165
10	8	73
10	8	6
10	8	4
10	8	7
10	8	3
10	8	32
10	8	158
10	8	86
10	9	277
10	8	153
10	8	38
10	8	154
10	20	270
10	20	193
10	20	195
10	20	171
10	20	67
10	20	44
10	20	197
10	20	468
10	8	0
10	8	42
10	8	171
10	8	156
10	8	5
10	8	155
10	8	67
10	8	2
10	8	1
10	8	170
10	9	32
10	8	74
10	8	11
10	8	196
10	8	72
10	8	30
10	70	115
10	8	15
10	8	109
10	8	55
10	8	176
10	8	128
10	8	197
10	8	459
10	25	67
10	8	195
10	9	169
10	8	63
10	8	75
10	8	20
10	8	141
10	8	275
10	25	169
10	25	168
10	25	156
10	25	155
10	25	32
10	25	117
10	25	197
10	25	198
10	25	195
10	25	72
10	25	54
10	25	504
10	2	6
10	2	7
10	2	4
10	20	216
10	9	75
10	8	490
10	8	294
10	8	198
10	8	69
10	53	124
10	12	6
10	12	7
10	12	4
10	53	130
10	53	129
10	2	38
10	36	129
10	2	3
10	3	9
10	83	115
10	3	29
10	2	170
10	12	36
10	36	127
10	12	170
10	36	130
10	3	16
10	2	158
10	12	38
10	2	153
10	12	40
10	4	55
10	4	56
10	4	58
10	12	3
10	9	54
10	3	33
10	2	36
10	3	10
10	2	40
10	2	0
10	2	154
10	12	153
10	12	158
10	4	59
10	9	197
10	53	127
10	9	195
10	133	209
10	2	86
10	12	86
10	4	6
10	2	5
10	2	1
10	133	67
10	12	0
10	3	27
10	12	39
10	9	164
10	77	127
10	77	129
10	9	268
10	2	39
10	2	42
10	4	60
10	36	124
10	2	32
10	12	154
10	12	37
10	2	55
10	77	130
10	4	120
10	9	196
10	75	16
10	75	9
10	75	29
10	12	5
10	3	34
10	3	53
10	140	188
10	140	240
10	3	49
10	4	35
10	12	1
10	2	37
10	12	55
10	12	42
10	12	32
10	12	41
10	75	33
10	75	10
10	2	30
10	2	17
10	3	18
10	67	177
10	67	129
10	77	124
10	9	218
10	133	32
10	75	27
10	53	122
10	53	35
10	67	127
10	20	352
10	20	117
10	20	32
10	20	168
10	2	184
10	3	31
10	53	132
10	53	133
10	2	41
10	12	17
10	12	30
10	3	19
10	2	117
10	2	176
10	75	34
10	126	17
10	126	30
10	4	83
149	9	165
149	9	67
149	9	277
149	8	86
149	8	3
149	8	73
149	8	6
149	8	4
149	8	7
149	8	32
149	8	158
149	8	153
149	8	38
149	8	154
149	8	0
149	8	42
149	20	270
149	20	193
149	20	195
149	20	171
149	20	67
149	20	44
149	20	197
149	20	468
149	8	171
149	70	115
149	8	5
149	8	155
149	8	1
149	8	156
149	8	67
149	8	2
149	9	32
149	8	170
149	23	95
149	8	74
149	8	196
149	8	11
149	8	72
149	8	30
149	8	109
149	8	15
149	8	459
149	8	128
149	8	55
149	8	176
149	8	197
78	9	165
78	9	67
78	9	277
78	8	3
78	8	4
78	8	6
78	8	7
78	8	73
78	8	158
78	8	32
78	8	86
78	8	153
78	8	38
78	8	154
78	20	270
78	20	193
78	20	195
78	20	171
78	20	67
78	20	44
78	20	197
78	20	468
78	8	42
78	8	0
78	8	171
78	8	5
78	9	32
78	8	155
78	23	95
78	8	156
78	8	2
78	8	1
78	8	67
78	8	170
111	9	67
111	9	165
111	9	277
111	8	6
111	8	73
111	8	7
111	8	4
111	20	270
111	20	193
111	20	195
111	20	171
111	20	67
111	20	44
111	20	197
111	20	468
111	8	3
111	8	32
111	8	158
111	8	86
111	8	153
111	8	38
111	8	154
111	8	0
111	8	42
111	8	171
111	8	5
111	8	156
111	8	155
111	8	74
111	8	11
111	8	67
111	8	2
111	20	216
111	8	170
111	8	30
111	8	1
111	70	115
111	9	32
111	8	196
111	8	72
111	8	55
111	8	176
111	8	15
111	25	67
111	8	128
111	8	109
111	8	197
111	8	195
111	9	169
111	8	459
111	25	169
111	25	168
111	25	156
111	25	155
111	25	32
111	25	117
111	25	197
111	25	198
111	25	195
111	25	72
111	25	54
111	25	504
111	8	63
111	8	141
111	8	75
111	9	75
111	8	275
111	8	20
111	12	6
111	12	7
111	12	4
111	8	294
111	8	490
111	8	198
111	8	69
111	2	6
111	2	7
111	2	4
111	36	129
111	83	115
111	12	170
111	12	36
111	12	38
111	36	130
51	9	67
51	9	165
51	8	73
51	8	6
51	8	4
51	8	7
51	8	3
51	8	32
51	9	277
51	8	158
51	20	270
51	20	193
51	20	195
51	20	171
51	20	67
51	20	44
51	20	197
51	20	468
51	8	86
51	8	153
51	8	38
51	8	154
51	8	42
51	8	0
51	8	171
51	8	156
51	8	5
51	8	155
51	8	1
51	8	74
51	8	2
51	8	11
51	8	67
51	9	32
51	8	170
51	8	30
51	20	216
51	8	196
51	8	109
51	25	67
51	8	55
51	8	72
51	8	176
51	8	128
51	8	15
51	8	197
51	8	459
51	70	115
51	8	195
51	25	169
51	25	168
51	25	156
51	25	155
51	25	32
51	25	117
51	25	197
51	25	198
51	25	195
51	25	72
51	25	54
51	25	504
51	8	63
51	2	6
51	2	7
51	2	4
51	8	75
51	8	275
51	9	169
51	8	20
51	8	141
51	12	6
51	8	490
51	12	7
51	8	294
51	8	198
51	8	69
51	12	4
51	83	115
51	4	55
51	4	56
51	4	58
51	2	38
51	2	3
51	2	170
51	12	170
51	2	153
51	12	36
51	4	59
51	12	38
51	2	158
51	4	6
51	12	3
51	12	40
114	9	67
114	9	165
114	9	277
30	9	67
30	9	165
30	9	277
30	8	3
30	8	4
30	8	6
30	8	7
30	8	73
30	8	158
30	8	86
30	8	32
30	8	153
30	8	38
30	8	154
30	8	42
30	20	270
30	20	193
30	20	195
30	20	171
30	20	67
30	20	44
30	20	197
30	20	468
30	8	0
30	8	171
30	8	156
30	8	5
30	8	155
30	8	67
30	8	2
30	8	1
30	9	32
30	8	74
30	8	11
30	8	170
30	8	30
30	70	115
30	8	72
30	8	196
30	8	128
30	8	55
30	8	176
30	8	109
30	8	15
30	8	459
30	8	197
30	8	195
30	2	6
30	2	7
30	2	4
30	8	75
30	8	63
30	8	20
30	25	67
30	53	124
30	8	275
30	8	141
30	8	490
30	9	169
30	8	294
30	8	198
30	8	69
30	53	129
30	53	130
30	2	38
30	2	3
30	3	9
30	36	129
30	3	29
30	2	170
17	9	67
17	9	165
17	9	277
17	8	3
17	8	4
17	8	6
17	8	7
17	8	73
17	8	158
17	8	86
17	8	32
17	8	153
17	8	38
17	8	154
17	8	42
17	20	270
17	20	193
17	20	195
17	20	171
17	20	67
17	20	44
17	20	197
17	20	468
17	8	0
17	8	171
17	8	156
17	8	5
17	8	155
17	8	67
17	8	2
17	8	1
17	9	32
17	8	74
17	8	11
17	8	170
17	8	30
17	8	72
17	70	115
17	8	196
17	8	128
17	8	55
17	8	109
17	8	176
17	8	15
17	8	459
17	8	197
17	8	195
17	2	6
17	2	7
17	2	4
17	8	75
17	8	63
17	8	20
17	25	67
17	53	124
17	8	275
17	8	141
17	8	490
17	8	294
17	8	198
17	8	69
17	9	169
17	53	129
17	53	130
17	2	38
17	2	3
17	3	9
17	36	129
17	2	170
17	3	29
31	9	67
31	9	165
31	9	277
31	8	3
31	8	4
31	8	6
31	8	7
31	8	73
31	8	158
31	8	86
31	8	32
31	8	153
31	8	38
31	8	154
31	20	270
31	20	193
31	20	195
31	20	171
31	20	67
31	20	44
31	20	197
31	20	468
31	8	42
31	8	0
31	8	171
31	8	5
31	8	156
31	8	155
31	8	67
31	8	2
31	9	32
31	8	1
31	8	74
31	8	170
31	8	11
31	70	115
31	8	30
31	8	72
31	8	196
31	8	109
31	8	128
31	8	15
31	8	55
31	8	176
31	8	459
31	8	197
31	8	195
31	2	6
31	25	67
31	2	7
31	2	4
31	8	75
31	8	63
31	8	20
31	53	124
31	9	169
31	8	275
31	8	141
31	8	490
31	8	294
31	8	198
31	8	69
31	53	129
31	53	130
31	2	38
31	2	3
31	36	129
31	9	75
31	3	9
31	25	169
31	25	168
31	25	156
31	25	155
31	25	32
31	25	117
31	25	197
31	25	198
31	25	195
31	25	72
31	25	54
31	25	504
31	2	170
31	12	6
31	3	29
31	12	7
31	12	4
31	83	115
31	2	158
31	3	16
31	36	130
31	2	153
31	20	216
31	36	127
31	133	209
31	133	67
31	3	33
31	2	40
31	3	10
31	2	36
31	12	36
12	9	67
12	9	165
12	8	73
12	8	6
12	8	4
12	8	7
12	9	277
12	8	3
12	8	32
12	8	86
12	8	158
12	8	38
12	8	153
12	8	154
12	8	0
12	8	42
12	20	270
12	20	193
12	20	195
12	20	171
12	20	67
12	20	44
12	20	197
12	20	468
12	8	171
12	8	156
12	8	67
12	8	155
12	8	5
12	8	2
12	8	1
12	8	74
12	8	11
12	8	170
12	9	32
12	8	30
12	8	196
12	8	72
12	8	55
12	8	176
12	25	67
12	8	128
12	8	15
12	8	109
12	70	115
12	8	197
12	8	459
12	8	195
12	8	63
12	8	75
12	2	6
12	2	7
12	2	4
12	8	20
12	8	141
12	8	275
12	25	169
12	25	168
12	25	156
12	25	155
12	25	32
12	25	117
12	25	197
12	25	198
12	25	195
12	25	72
12	25	54
12	25	504
12	53	124
12	8	490
12	8	294
12	8	198
12	8	69
12	9	169
58	85	6
58	85	7
58	85	4
58	85	36
58	15	164
58	99	4
58	99	6
58	99	7
58	99	1
58	99	5
58	99	158
58	99	153
58	99	3
58	85	170
58	85	38
58	99	38
58	99	154
58	15	32
58	85	153
35	71	29
35	71	33
35	114	280
35	114	69
35	71	10
35	114	281
35	47	3
35	47	73
35	47	6
35	47	4
35	47	7
35	47	32
35	47	158
35	47	86
35	47	153
35	47	38
35	47	154
35	47	74
35	47	11
35	47	0
35	47	42
35	71	9
35	114	96
35	47	171
35	130	58
35	130	55
35	47	30
35	130	87
35	47	1
35	47	156
35	110	9
35	47	55
35	130	9
35	47	176
35	33	115
35	47	128
35	130	107
35	47	67
55	24	6
55	24	7
55	24	4
55	24	38
55	24	158
55	85	6
55	85	7
55	85	4
55	24	3
55	85	36
55	15	164
55	24	153
55	99	4
55	99	6
55	99	7
55	99	1
55	99	5
55	24	5
55	99	158
55	99	153
55	99	3
55	24	154
55	85	38
55	85	170
55	99	38
55	24	1
55	99	154
55	24	32
55	15	32
55	85	153
129	110	9
129	71	29
129	71	33
129	114	280
129	114	69
129	47	3
129	47	153
129	47	73
129	47	6
129	47	4
129	47	7
129	47	32
129	47	86
129	47	158
129	47	74
129	47	154
129	47	38
129	47	11
129	114	281
129	71	10
129	47	0
129	47	42
129	71	9
129	33	115
129	47	171
129	110	16
129	47	30
129	114	96
129	130	58
129	130	55
129	110	29
129	47	156
129	47	1
129	130	87
129	47	55
129	47	176
129	71	16
129	130	9
129	114	32
129	47	128
129	47	67
129	21	139
129	71	27
129	130	107
129	47	5
129	47	197
129	47	155
129	47	2
129	47	170
129	47	195
129	49	403
129	71	34
129	49	199
129	130	16
129	49	117
129	49	371
129	49	193
129	49	192
129	47	196
129	49	283
129	47	63
129	49	222
129	49	263
129	49	75
129	49	513
129	49	514
129	49	232
129	49	515
129	61	4
129	61	7
129	61	6
129	61	32
129	61	3
129	61	158
129	61	86
129	61	73
129	61	153
129	61	74
129	61	38
129	47	109
129	61	5
129	61	11
129	110	33
129	61	154
129	114	15
129	61	0
129	114	141
129	61	155
129	61	170
129	114	134
129	71	53
129	71	49
129	47	75
129	114	83
129	114	197
129	114	195
129	114	155
129	114	317
129	47	72
129	114	199
129	61	2
129	47	15
129	154	165
129	110	27
129	47	459
129	154	218
129	61	171
129	73	9
129	73	16
129	47	275
129	21	32
129	47	141
129	61	42
129	47	20
129	110	10
129	47	490
129	47	69
129	61	1
129	73	29
129	47	294
129	47	198
129	61	30
129	13	58
129	13	107
129	13	87
129	13	55
129	61	55
129	21	72
129	61	128
129	61	67
129	61	176
129	61	156
129	115	115
129	21	217
129	22	81
129	22	18
129	22	29
129	22	76
129	22	9
129	22	22
129	61	109
129	13	9
129	61	197
129	154	67
129	61	195
129	110	34
129	130	314
129	61	15
129	22	16
129	61	75
129	16	29
129	16	19
129	61	72
129	16	9
129	61	275
129	13	16
129	71	18
129	61	196
129	154	75
129	110	19
129	61	459
129	73	33
129	61	63
129	61	20
129	16	16
129	61	141
129	61	490
129	68	32
129	110	53
129	61	198
129	110	49
129	73	27
129	61	294
129	61	69
129	236	23
129	236	29
129	236	9
129	236	16
129	71	31
129	236	19
129	71	19
129	73	10
129	236	33
129	22	100
129	110	18
129	236	111
129	236	27
129	71	30
129	71	17
129	73	34
129	110	31
129	16	27
129	68	139
122	71	29
122	71	33
122	71	10
122	114	280
122	114	69
122	47	3
122	47	73
122	47	6
122	47	4
122	47	7
122	47	32
122	47	158
122	47	86
122	47	153
122	114	281
122	47	74
122	47	11
122	47	154
122	47	38
122	47	0
122	47	42
122	71	9
122	47	171
122	114	96
122	130	58
122	130	55
122	47	1
122	130	87
122	47	30
122	47	156
122	130	9
122	47	55
122	47	176
122	71	16
122	114	32
122	130	107
122	47	197
122	21	139
122	47	128
122	110	9
124	71	29
124	71	33
124	114	280
124	114	69
124	47	3
124	47	73
124	47	6
124	47	4
124	47	7
124	47	32
124	47	153
124	47	158
124	47	86
124	47	74
124	47	154
124	47	38
124	47	11
124	114	281
124	71	10
124	47	0
124	47	42
124	47	171
124	71	9
124	114	96
124	130	58
124	130	55
124	47	30
124	47	1
124	130	87
124	47	156
124	47	55
124	130	9
124	47	176
124	114	32
124	71	16
124	21	139
124	47	5
124	47	128
124	47	67
124	130	107
124	71	27
124	47	197
124	47	155
124	47	2
124	47	170
124	47	195
124	49	403
124	49	199
124	110	9
124	71	34
124	130	16
124	49	117
124	49	283
124	33	115
124	49	371
124	49	193
124	49	192
124	47	196
124	49	222
124	49	263
124	49	75
124	49	513
124	49	514
124	49	232
124	49	515
124	110	16
124	47	63
124	61	4
124	61	7
124	61	6
124	61	32
124	61	3
124	61	158
124	61	86
124	61	73
124	61	153
124	61	74
124	61	38
124	47	109
124	61	5
124	110	29
124	61	11
124	114	15
124	61	154
124	61	0
124	114	141
124	61	155
124	61	170
124	114	134
124	47	75
124	114	83
124	71	53
124	114	197
124	71	49
124	114	195
124	114	155
124	114	317
124	114	199
124	61	2
124	154	165
124	47	72
124	61	171
124	154	218
124	47	275
124	47	15
124	21	32
124	47	459
124	61	42
124	47	141
124	47	20
124	61	1
124	47	490
124	47	69
124	47	294
124	47	198
124	13	58
124	13	107
124	61	30
124	13	87
124	13	55
124	21	72
124	61	55
124	110	33
124	61	128
124	21	217
124	61	67
124	61	156
124	61	176
124	110	27
124	22	81
124	22	18
124	22	29
124	61	109
124	22	76
124	22	9
124	22	22
124	13	9
124	61	197
124	154	67
124	61	195
124	130	314
124	73	9
124	73	16
124	61	75
124	61	15
124	16	29
124	16	19
124	71	18
124	16	9
124	110	10
124	61	72
124	22	16
124	154	75
124	73	29
124	13	16
124	61	275
124	61	196
124	61	459
124	61	63
124	16	16
124	61	20
124	61	490
124	61	141
124	61	198
124	61	294
124	61	69
124	236	23
124	236	29
124	115	115
124	236	9
124	71	31
124	236	16
124	236	19
124	71	19
124	110	34
124	110	19
124	236	33
124	22	100
124	73	33
124	68	32
124	73	27
124	110	53
124	236	111
124	110	49
124	236	27
124	71	30
124	21	197
124	71	17
124	21	195
124	16	27
124	68	139
124	69	29
124	69	111
124	144	6
124	144	0
124	69	9
124	73	10
124	16	33
124	130	88
124	22	77
124	110	18
130	71	29
130	71	33
130	114	280
130	114	69
130	47	3
130	47	73
130	47	6
130	47	4
130	47	7
130	47	32
130	47	153
130	47	158
130	47	86
130	47	74
130	47	154
130	47	11
130	47	38
130	114	281
130	71	10
130	47	0
130	47	42
130	47	171
130	71	9
130	114	96
130	47	30
130	130	58
130	130	55
130	47	1
130	130	87
130	110	9
130	47	156
130	47	55
130	47	176
130	33	115
130	130	9
130	114	32
130	71	16
130	110	16
130	21	139
130	47	5
130	47	128
130	47	67
130	130	107
130	47	197
130	71	27
130	47	155
130	110	29
130	47	2
130	47	170
130	47	195
130	49	403
130	49	199
130	49	117
130	71	34
130	130	16
130	49	283
130	49	371
130	49	193
130	49	192
130	47	196
130	49	222
130	49	263
130	49	75
130	49	513
130	49	514
130	49	232
130	49	515
130	47	63
130	47	109
130	61	4
130	61	7
130	61	6
130	61	3
130	61	32
130	61	86
130	61	73
130	61	158
130	61	153
130	61	74
130	61	38
130	61	11
130	61	5
130	114	15
130	61	154
130	61	0
130	114	141
130	47	75
130	114	134
130	61	155
130	61	170
130	114	83
130	71	53
130	114	197
130	114	195
130	71	49
130	114	155
130	114	317
130	47	72
130	114	199
130	47	275
130	47	15
130	47	459
130	61	2
130	21	32
130	61	171
130	154	165
130	154	218
130	110	33
130	47	141
130	61	42
130	47	20
130	47	490
130	47	69
130	61	1
130	47	294
130	47	198
130	13	58
130	13	107
130	110	27
130	61	30
130	13	87
130	13	55
130	73	9
130	73	16
130	61	55
130	21	72
130	61	128
130	110	10
130	61	176
130	61	67
130	73	29
130	61	156
130	21	217
130	61	109
130	22	81
130	22	18
130	22	76
130	22	29
130	22	9
130	22	22
130	61	197
130	13	9
130	61	195
130	61	75
130	61	15
130	130	314
130	154	67
130	61	72
130	16	29
130	16	19
130	22	16
130	115	115
130	61	275
130	16	9
130	68	32
130	71	18
130	61	196
130	13	16
130	61	459
130	154	75
130	61	63
130	61	20
130	61	490
130	61	141
130	61	198
130	110	34
130	61	294
130	61	69
130	16	16
130	73	33
130	236	23
130	236	29
130	110	19
130	236	9
130	71	31
130	236	16
130	236	19
130	73	27
130	71	19
130	110	53
130	110	49
130	22	100
130	236	33
130	73	10
130	68	139
130	236	111
130	236	27
130	71	30
130	71	17
130	21	197
130	110	18
130	144	6
130	144	0
130	21	195
130	16	27
26	9	67
26	9	165
26	9	277
26	8	86
26	8	3
26	8	73
26	8	6
26	8	4
26	8	7
26	8	32
26	8	158
26	8	153
26	8	38
26	8	154
26	20	270
26	20	193
26	20	195
26	20	171
26	20	67
26	20	44
26	20	197
26	20	468
26	8	42
26	8	0
26	8	171
26	8	156
26	8	5
26	8	155
26	9	32
26	8	67
26	8	2
26	8	1
26	8	74
26	8	11
26	8	170
26	8	30
26	8	72
26	70	115
26	8	196
127	110	9
127	33	115
127	110	16
127	110	29
127	114	280
127	114	69
127	71	29
127	71	33
127	47	3
127	47	153
127	47	73
127	47	6
127	47	4
127	47	7
127	47	32
127	47	86
127	47	158
127	47	74
127	47	38
127	47	154
127	47	11
127	114	281
127	47	0
127	71	10
127	47	42
127	71	9
127	47	171
127	47	30
127	114	96
127	130	58
127	130	55
127	47	156
127	47	1
127	47	55
127	73	9
127	73	16
127	130	87
127	47	176
127	71	16
127	130	9
127	47	67
127	47	128
127	114	32
127	47	5
127	130	107
127	47	155
127	21	139
127	71	27
127	47	2
127	73	29
127	47	170
127	47	197
127	47	195
127	110	33
127	71	34
127	49	403
127	130	16
127	49	199
127	47	196
127	49	117
127	49	371
127	49	193
127	49	192
127	47	63
127	115	115
127	49	283
127	61	6
127	61	4
127	61	7
127	110	27
127	61	3
127	61	32
127	61	86
127	61	158
127	47	109
127	49	222
127	49	263
127	49	75
127	49	513
127	49	514
127	49	232
127	49	515
127	61	73
127	61	153
127	61	74
127	61	38
127	61	5
127	61	11
127	61	154
127	114	15
127	114	141
127	110	10
127	61	0
127	114	134
127	61	155
127	61	170
127	47	75
127	47	72
127	114	197
127	114	195
127	114	83
127	71	53
127	47	15
127	114	317
127	71	49
127	114	155
127	114	199
127	61	171
127	61	2
127	47	459
127	47	275
127	73	33
127	154	165
127	21	32
127	47	141
127	154	218
127	47	20
127	61	42
127	61	1
127	47	490
127	47	69
127	47	294
127	47	198
127	73	27
127	61	30
127	61	55
127	13	58
127	13	107
127	110	34
127	13	87
127	13	55
127	61	128
127	61	156
127	61	67
127	61	176
127	73	10
127	22	81
127	22	18
127	21	72
127	22	76
127	22	29
127	22	9
127	22	22
127	61	109
127	110	19
127	21	217
127	61	197
127	61	195
127	22	16
127	13	9
127	61	15
127	110	53
127	110	49
127	130	314
127	61	75
127	16	29
127	16	19
127	61	72
127	16	9
127	154	67
127	61	275
127	71	18
127	61	196
127	68	32
127	236	23
127	236	29
127	61	459
127	236	9
127	13	16
127	16	16
127	236	16
127	61	63
127	154	75
127	61	20
127	73	34
127	61	141
127	236	19
127	61	490
127	61	198
153	24	6
153	24	7
153	24	158
153	24	4
86	24	6
86	24	7
170	24	6
170	24	7
170	24	4
170	24	158
170	24	32
170	24	38
170	24	5
170	24	3
170	24	153
170	24	155
170	24	1
21	9	165
21	9	67
21	9	277
28	9	67
28	9	165
28	9	277
28	20	270
28	20	193
28	20	195
28	20	171
28	20	67
28	20	44
28	20	197
28	20	468
28	8	86
28	8	3
28	8	73
28	8	38
28	8	6
28	8	4
28	8	7
28	8	32
28	8	158
28	8	153
28	8	154
28	8	0
28	8	42
28	8	171
28	8	156
28	8	67
28	8	5
28	8	155
28	8	2
28	8	11
28	8	74
28	8	1
28	8	30
28	8	170
28	8	196
28	8	72
28	70	115
28	8	128
28	9	32
3	24	6
3	24	7
3	24	158
3	24	4
3	24	32
3	24	38
3	24	155
3	24	5
3	24	3
3	24	153
