73	15	6
73	15	7
73	15	4
73	69	189
73	69	32
73	15	36
73	15	5
73	15	38
73	15	169
73	15	1
73	15	55
73	15	3
73	72	189
73	72	32
73	15	152
73	15	40
73	23	203
73	23	58
73	152	4
73	152	6
73	152	7
73	23	55
73	152	73
7	15	6
7	15	7
7	15	4
7	15	36
7	15	38
7	15	5
7	15	55
7	58	6
7	58	7
7	58	4
7	15	3
7	15	169
7	58	5
7	15	1
7	15	40
7	15	39
7	15	152
7	15	58
7	15	56
7	58	38
7	58	1
7	15	60
7	15	59
7	15	157
7	15	86
7	15	119
7	69	189
7	15	37
7	69	32
7	58	3
7	15	41
7	58	157
7	58	32
7	15	117
7	15	35
7	15	0
7	15	153
7	15	32
7	58	39
7	25	481
7	25	482
7	58	117
7	120	104
7	120	15
7	120	106
7	120	58
7	120	55
7	120	117
7	120	311
7	120	267
7	58	187
7	58	188
7	58	152
7	72	189
7	72	32
7	23	203
7	23	58
7	58	154
7	152	4
7	152	6
7	152	7
7	152	73
7	23	55
86	15	6
86	15	7
86	15	4
86	15	55
86	15	36
86	69	189
86	15	38
86	15	58
86	15	5
86	69	32
86	15	56
86	15	60
86	15	59
86	15	169
86	15	1
86	15	3
86	15	40
86	15	119
86	15	152
86	72	189
86	15	35
86	72	32
86	15	39
86	23	203
86	23	58
86	15	157
86	58	6
86	23	55
30	8	9
30	8	29
30	8	16
30	8	33
30	8	10
30	19	115
30	6	123
30	6	129
30	6	128
30	8	27
30	8	34
30	8	53
30	8	49
30	17	67
30	17	164
30	17	268
30	6	126
30	17	32
30	8	18
30	8	31
30	17	168
30	8	19
30	15	6
30	8	30
30	8	17
30	3	16
30	3	9
30	3	29
30	17	75
30	6	131
30	6	132
30	8	26
30	3	33
30	3	10
30	38	128
30	6	121
30	38	129
30	38	126
30	38	123
30	6	35
30	3	27
30	8	12
30	8	8
30	3	34
30	8	22
30	15	7
30	15	4
30	17	54
30	8	21
30	66	6
30	66	7
30	3	53
30	66	4
30	3	49
30	45	31
30	45	29
30	45	33
30	17	198
30	45	9
30	17	196
30	45	10
30	45	30
30	8	23
30	45	17
30	8	148
30	66	3
30	45	16
30	8	28
30	66	38
30	45	27
30	8	111
30	77	31
30	77	29
30	77	33
30	66	169
30	77	10
30	77	9
30	66	157
30	45	26
30	8	69
30	8	108
30	66	152
30	45	53
30	45	49
30	17	213
30	77	17
30	77	30
30	3	18
30	77	27
30	17	163
30	48	3
30	48	73
30	48	6
30	48	4
30	48	7
30	48	32
30	48	157
30	48	86
30	66	0
30	77	16
30	48	152
30	48	38
30	48	153
30	48	42
30	48	0
30	8	76
30	48	170
30	66	153
30	15	55
30	15	38
30	66	36
30	48	155
30	66	40
30	15	36
30	48	5
30	48	154
30	77	53
30	48	67
30	3	31
30	48	1
30	8	70
30	77	49
30	48	2
30	45	18
30	48	74
30	3	19
30	48	11
30	77	26
30	43	196
30	43	67
30	43	453
30	43	198
30	43	170
30	43	259
30	43	44
30	43	194
30	48	169
30	66	86
30	48	30
30	8	51
30	66	1
30	66	32
30	45	34
30	48	72
30	48	197
30	17	257
30	15	5
30	66	42
30	66	39
30	48	127
30	3	30
30	66	5
30	77	34
30	48	55
30	48	175
30	3	17
30	48	109
30	38	132
30	38	131
30	48	15
30	48	198
30	48	444
30	17	117
30	48	196
30	8	24
30	85	67
30	17	197
30	45	19
30	66	55
30	15	3
30	48	63
30	48	75
30	15	169
30	48	20
30	15	58
30	15	40
30	38	121
30	15	39
30	48	264
30	15	56
30	66	17
30	66	30
30	3	26
30	38	35
30	48	140
30	66	37
30	77	18
30	15	60
30	48	477
30	8	102
30	48	284
30	48	199
30	48	69
30	15	59
30	8	11
30	45	12
30	8	78
30	45	70
30	15	1
30	77	19
30	6	161
30	85	168
30	85	167
30	85	155
30	85	154
30	85	32
30	85	117
30	85	198
30	85	199
30	85	196
30	85	72
30	85	54
30	85	489
30	8	100
30	45	21
6	15	6
6	15	7
6	15	4
6	101	96
6	101	32
6	22	29
6	15	38
6	101	83
6	15	36
6	15	5
6	22	9
6	101	117
6	22	16
6	101	154
6	15	55
6	58	6
6	58	7
6	101	140
6	58	4
6	22	33
6	15	3
6	15	169
6	58	5
6	101	198
6	22	10
6	22	27
6	101	138
6	15	1
6	22	34
6	15	40
6	22	49
6	22	53
6	101	196
6	15	39
6	15	152
6	58	38
6	58	1
6	15	58
6	15	56
6	25	481
6	25	482
6	15	60
6	15	59
6	15	157
6	101	199
6	15	86
6	15	119
6	69	189
6	58	3
6	15	37
6	22	18
6	69	32
6	58	157
6	15	41
6	22	51
6	58	32
6	101	139
6	15	117
6	101	67
6	15	35
6	15	0
6	15	32
6	15	153
6	22	19
6	58	117
6	58	39
6	22	111
6	61	67
6	120	104
6	120	15
6	120	106
6	120	58
6	120	55
6	120	117
6	120	311
6	120	267
6	58	152
6	58	188
6	58	187
6	23	203
6	23	58
6	101	72
6	22	31
6	72	189
6	22	22
6	72	32
6	58	154
6	23	55
6	22	23
6	124	67
6	22	12
6	152	4
6	152	6
6	152	7
6	152	73
6	58	86
6	22	68
17	8	9
17	8	29
17	8	16
17	8	33
17	19	115
17	8	10
17	6	123
17	6	129
17	6	128
17	8	27
17	8	34
17	8	53
17	8	49
17	17	67
17	17	164
17	17	268
17	6	126
17	17	32
17	8	18
17	8	31
17	17	168
17	8	19
17	8	30
17	8	17
17	3	16
17	3	9
17	3	29
17	17	75
17	8	26
17	6	131
17	6	132
17	3	33
17	3	10
17	38	128
17	6	121
17	38	129
17	38	126
17	38	123
17	8	12
17	6	35
17	3	27
17	8	22
17	15	6
17	8	8
17	3	34
17	17	54
17	8	21
17	66	6
17	66	7
17	66	4
17	3	53
17	3	49
17	45	31
17	45	29
17	45	33
17	17	198
17	45	9
17	17	196
17	45	10
17	45	30
17	8	23
17	45	17
17	8	148
17	66	3
17	8	28
17	66	38
17	45	16
17	45	27
17	77	31
17	77	29
17	8	111
17	77	33
17	77	10
17	66	169
17	77	9
17	66	157
17	45	26
17	8	108
17	8	69
17	66	152
17	45	53
17	45	49
17	77	17
17	77	30
17	15	7
17	17	213
17	15	4
17	77	27
17	3	18
17	77	16
17	17	163
17	66	0
17	48	3
17	48	73
17	48	6
17	48	4
17	48	7
17	48	32
17	48	157
17	48	86
17	48	152
17	48	38
17	48	153
17	48	0
17	48	42
17	8	76
17	66	153
17	48	170
17	66	36
17	66	40
17	48	155
17	48	5
17	48	154
17	77	53
17	77	49
17	48	67
17	48	1
17	3	31
17	8	70
17	48	2
17	45	18
17	77	26
17	48	74
17	48	11
17	3	19
17	48	169
17	66	86
17	48	30
17	43	196
17	43	67
17	43	453
17	43	198
17	43	170
17	43	259
17	43	44
17	43	194
17	66	32
17	66	1
17	8	51
17	48	72
17	45	34
17	48	197
17	17	257
17	66	42
17	66	39
17	77	34
17	48	127
17	3	30
17	66	5
17	48	55
17	48	175
17	48	109
17	3	17
17	48	15
17	48	198
17	38	132
17	38	131
17	48	444
17	17	117
17	48	196
17	8	24
17	85	67
17	66	55
17	17	197
17	45	19
17	48	63
17	48	75
17	48	20
17	48	264
17	66	17
17	66	30
17	66	37
17	77	18
17	48	140
17	3	26
17	48	477
17	48	284
17	48	199
17	48	69
17	8	102
17	38	121
17	8	11
17	38	35
17	45	12
17	8	78
17	45	70
17	77	19
17	15	5
17	6	161
17	8	100
17	85	168
17	85	167
17	85	155
17	85	154
17	85	32
17	85	117
17	85	198
17	85	199
17	85	196
17	85	72
17	85	54
17	85	489
17	45	21
32	15	6
32	20	18
32	15	7
32	20	9
32	15	4
32	20	76
32	20	29
32	20	22
32	20	16
32	20	27
32	20	148
32	20	102
32	20	78
32	20	33
32	20	24
32	20	100
32	20	10
32	15	38
32	20	53
32	15	36
32	15	5
32	20	49
32	2	129
32	20	81
32	2	128
32	15	55
32	15	3
32	2	123
32	15	169
32	15	40
32	15	1
32	15	39
32	2	126
32	17	67
32	17	164
32	15	152
32	17	268
32	15	58
32	15	56
32	71	29
32	15	60
32	69	189
32	15	59
32	20	31
32	69	32
32	17	32
32	15	157
32	71	9
32	58	6
32	19	115
32	20	30
32	15	86
32	58	7
32	58	4
32	20	17
32	71	33
32	71	16
32	89	58
32	89	56
32	89	55
32	58	5
32	89	59
32	71	10
32	58	32
32	15	37
32	89	6
32	15	119
32	71	27
32	20	21
32	89	119
32	29	6
32	29	7
32	29	73
32	29	4
32	29	3
32	89	60
32	29	32
32	29	86
32	29	74
32	20	51
32	15	41
32	29	5
32	20	34
32	21	29
32	21	34
32	29	157
32	58	3
32	15	117
32	71	53
32	71	49
32	21	51
32	89	35
32	20	26
32	21	68
32	2	121
32	58	157
32	58	38
32	20	77
32	15	0
32	15	35
32	20	12
32	20	151
32	20	69
32	71	34
32	20	108
32	15	32
32	17	168
32	23	203
32	23	58
32	72	189
32	72	32
32	29	117
32	29	152
32	42	18
32	2	35
32	42	29
32	42	22
32	15	153
32	58	1
32	20	150
32	42	76
32	29	38
32	29	154
32	63	58
32	23	55
32	63	55
32	58	117
32	71	18
32	6	123
32	58	154
32	17	54
32	8	9
3	15	6
3	15	7
3	15	4
3	15	36
3	15	55
3	15	38
3	15	5
3	15	169
3	15	40
3	15	58
3	15	56
3	15	1
3	15	60
3	15	3
3	15	59
3	15	39
3	58	6
3	69	189
3	69	32
3	15	119
3	15	152
3	58	7
3	58	4
3	58	5
3	58	3
3	15	157
3	15	37
3	15	35
3	15	41
3	58	157
3	15	86
3	58	32
3	58	38
3	58	117
3	72	189
3	72	32
3	58	152
3	15	0
3	58	1
3	23	203
3	23	58
3	58	154
3	23	55
3	15	117
157	15	6
157	15	7
157	15	4
157	15	38
157	15	5
157	15	36
157	15	55
157	15	3
157	15	169
157	15	1
157	15	40
157	15	152
157	15	39
157	15	58
157	15	56
157	15	60
157	15	157
157	15	59
157	15	86
157	58	6
157	69	189
157	69	32
157	58	7
157	58	4
157	15	119
157	58	5
157	15	117
157	15	37
157	58	157
157	15	41
157	58	3
157	15	0
157	15	35
157	15	32
157	15	153
157	58	32
157	58	38
157	58	117
157	58	1
157	58	152
157	72	189
157	72	32
157	58	154
53	8	9
53	8	29
53	8	16
53	8	33
53	8	10
53	19	115
53	6	123
53	17	67
53	17	164
53	8	27
53	6	129
53	6	128
53	8	34
53	17	268
53	8	53
53	8	49
53	17	32
53	6	126
53	17	168
53	8	18
53	3	16
53	3	9
53	17	75
53	3	29
53	8	31
53	8	19
53	3	33
53	3	10
53	8	30
53	8	17
53	6	131
53	6	132
53	38	128
53	6	121
53	17	54
53	8	26
53	3	27
53	8	8
53	6	35
53	3	34
53	38	129
53	38	126
53	3	53
53	3	49
53	8	12
53	17	198
53	17	196
53	8	22
53	66	6
53	66	7
53	66	4
53	38	123
53	48	4
53	48	6
53	48	7
53	48	73
53	48	3
53	48	32
53	48	157
53	48	86
53	48	152
53	48	38
53	48	153
53	48	0
53	17	213
53	48	42
53	48	170
53	8	21
53	48	155
53	66	38
53	48	5
53	48	154
53	8	23
53	66	3
53	48	1
53	48	67
53	48	2
53	48	74
53	48	11
53	48	169
53	43	259
53	43	194
53	43	196
53	43	170
53	43	67
53	43	44
53	43	198
53	43	453
53	66	169
53	48	30
53	66	157
53	17	163
53	66	152
53	48	197
53	17	117
53	8	28
53	48	72
53	8	148
53	48	109
53	48	55
53	8	111
53	3	18
53	48	175
53	48	127
53	48	15
53	85	67
53	48	444
53	48	198
53	66	0
53	48	196
53	66	36
53	66	153
53	48	63
53	17	257
53	66	86
53	66	40
53	48	75
53	66	5
53	17	197
53	66	1
53	48	20
53	48	264
53	85	168
53	85	167
53	85	155
53	85	154
53	85	32
53	85	117
53	85	198
53	85	199
53	85	196
53	85	72
53	85	54
53	85	489
53	8	108
53	66	32
53	48	140
53	3	31
53	8	76
53	48	477
53	48	284
53	48	199
53	48	69
53	66	42
53	8	51
53	3	19
53	43	211
53	8	69
53	66	39
53	66	55
53	17	212
53	3	30
53	3	17
53	8	70
53	24	6
53	24	7
53	24	4
53	21	34
53	38	35
53	21	29
53	6	161
53	8	24
53	66	30
53	66	17
53	21	51
53	3	8
53	66	37
53	3	26
53	38	121
53	3	22
53	8	102
53	45	31
53	45	29
53	24	36
53	45	33
53	38	132
53	38	131
53	45	9
53	45	10
53	24	38
53	24	169
53	3	12
53	45	30
53	21	68
53	45	17
53	24	40
53	77	31
53	77	29
53	8	78
53	19	116
53	77	33
53	45	16
53	77	10
53	45	27
53	24	3
53	77	9
53	8	11
53	6	122
53	77	17
53	77	30
53	77	27
53	45	26
53	45	53
53	66	185
53	66	41
53	45	49
53	77	16
53	8	100
53	24	152
53	8	14
53	24	86
53	24	157
53	6	125
53	3	21
53	66	175
53	6	124
53	8	35
53	3	23
53	66	117
53	41	99
53	21	49
53	8	142
53	21	53
53	24	0
53	3	148
53	24	39
53	77	53
53	77	49
53	41	98
53	66	170
53	77	26
53	38	161
53	8	81
53	24	153
53	21	117
53	45	18
53	6	270
53	8	117
53	21	114
53	24	37
53	8	161
53	77	34
53	45	34
53	24	5
53	3	28
53	21	32
53	8	85
53	8	75
53	66	156
53	3	51
53	24	1
53	3	76
53	3	111
53	45	19
53	25	481
53	25	482
53	66	67
53	77	18
53	24	55
53	21	9
53	6	190
53	24	32
53	19	75
53	24	41
53	48	117
53	24	42
53	3	108
53	8	13
53	82	30
53	82	17
152	15	6
152	15	7
152	15	4
152	15	55
152	15	36
152	15	38
152	15	5
152	15	58
152	15	56
152	15	60
152	15	59
152	15	169
152	15	1
152	15	40
152	15	39
152	15	3
152	15	119
152	69	189
152	15	152
152	69	32
152	15	35
152	15	157
152	15	86
152	15	41
152	15	37
152	58	6
152	58	7
152	58	4
152	58	5
152	58	3
152	58	157
1	15	6
1	15	7
1	15	4
1	15	36
1	15	38
1	15	55
1	15	5
1	15	39
1	58	6
1	58	4
1	58	7
1	15	40
1	58	5
1	15	169
1	58	1
1	15	3
1	15	1
1	58	38
1	15	58
1	15	56
1	15	60
1	15	59
1	15	37
1	15	152
1	15	41
1	15	119
1	15	157
1	15	86
1	58	39
1	15	35
1	58	187
1	58	188
1	58	157
1	58	3
1	58	32
1	15	0
74	15	6
74	15	7
74	15	4
74	69	189
74	69	32
74	101	96
74	101	32
74	22	29
74	15	36
74	22	9
74	101	83
74	22	16
74	23	203
74	23	58
74	101	117
74	101	154
74	15	5
74	22	33
74	23	55
74	15	38
74	101	140
74	15	169
74	22	10
74	72	189
74	72	32
74	15	55
74	22	27
74	22	34
74	101	198
74	15	1
2	15	6
2	15	7
2	15	4
2	15	36
2	69	189
2	15	55
2	15	38
2	15	5
2	69	32
2	15	169
11	17	67
11	17	164
11	17	268
11	19	115
11	17	32
11	8	9
11	8	16
11	8	29
11	15	6
11	17	168
11	8	33
11	8	10
11	8	27
11	17	75
11	15	7
11	15	4
11	8	53
11	8	49
11	6	123
11	8	18
11	8	34
11	6	129
11	6	128
11	69	189
11	8	19
11	69	32
11	38	128
11	3	16
11	3	9
11	17	213
11	17	54
11	15	36
11	38	129
11	38	126
11	3	29
11	8	31
11	38	123
11	8	30
11	6	126
11	17	117
11	8	17
11	8	22
11	15	5
11	15	38
11	15	169
11	15	55
11	8	28
11	3	33
11	8	26
4	15	6
4	15	7
4	15	4
4	15	36
4	15	38
4	15	55
4	15	5
4	58	6
4	58	7
4	58	4
4	58	5
4	15	169
4	15	40
4	15	3
4	15	1
4	15	39
4	15	58
4	15	56
4	58	38
4	58	1
4	15	60
4	15	59
4	15	152
4	15	157
4	15	119
4	69	189
4	15	37
4	15	86
4	69	32
4	58	3
4	15	41
4	58	157
4	58	32
4	15	35
4	15	0
4	25	481
4	25	482
4	58	39
4	15	117
4	15	153
4	58	117
4	120	104
4	120	15
4	120	106
4	120	58
4	120	55
4	120	117
4	120	311
4	120	267
4	58	187
4	58	188
4	58	152
4	72	189
4	72	32
4	23	203
4	23	58
4	15	32
4	58	154
4	152	4
4	152	6
4	152	7
4	152	73
4	23	55
117	15	6
117	15	7
117	15	4
117	20	18
117	19	115
117	20	9
117	20	76
117	7	128
117	7	123
117	20	29
117	20	27
117	7	126
117	7	129
117	20	22
117	20	148
117	20	16
117	20	102
117	20	78
117	17	67
117	17	164
117	6	123
117	17	268
117	20	33
117	15	5
117	7	35
117	6	129
117	6	128
117	20	100
117	20	24
117	17	32
117	42	18
117	42	29
117	42	22
117	20	10
117	42	76
117	15	38
117	7	161
117	75	99
117	8	9
117	15	36
117	8	29
117	75	98
117	15	1
117	29	3
117	29	4
117	29	73
117	29	6
117	29	7
117	29	32
117	29	86
117	8	16
117	29	74
117	42	33
117	42	78
117	20	53
117	42	148
117	42	9
117	29	157
117	6	126
117	29	5
117	42	27
117	15	169
117	8	33
117	8	10
117	20	49
117	20	81
117	15	3
117	7	121
117	42	10
117	8	27
117	9	99
117	42	16
117	17	168
117	42	100
117	29	152
117	29	38
117	15	55
117	29	154
117	9	98
117	42	102
117	29	117
117	29	11
117	21	34
117	38	128
117	21	29
117	29	169
117	42	53
117	8	34
117	58	6
117	69	189
117	21	51
117	42	49
117	15	152
117	15	86
117	69	32
117	42	81
117	8	53
117	8	49
117	15	157
117	22	29
117	38	129
117	21	68
117	58	7
117	7	125
117	58	4
117	38	126
117	58	5
117	29	2
117	6	35
117	101	96
117	29	0
117	17	54
117	58	3
117	29	153
117	101	32
117	58	157
117	38	123
117	42	24
117	15	40
117	10	229
117	10	189
117	2	129
117	17	75
117	22	9
117	15	39
117	7	124
117	6	121
117	15	117
117	8	18
117	10	161
117	2	128
117	58	117
117	22	16
117	71	29
117	15	58
117	58	32
117	20	31
117	15	56
117	92	18
117	92	282
117	17	117
117	15	60
117	23	203
117	23	58
117	68	55
117	68	58
5	15	6
5	15	7
5	15	4
5	15	36
5	58	6
5	15	38
5	58	7
5	58	4
5	58	5
5	15	55
5	15	5
5	15	40
5	15	39
5	58	1
5	15	169
5	58	38
5	15	3
5	15	1
5	15	58
5	15	56
5	15	60
5	15	59
5	15	152
5	15	37
5	69	189
5	15	41
5	58	3
5	69	32
5	58	157
5	58	32
5	15	119
5	15	157
5	15	86
5	15	35
5	58	39
5	58	117
5	58	187
5	58	188
5	58	152
5	15	0
5	23	203
5	23	58
5	72	189
5	72	32
5	58	154
5	15	153
153	15	6
153	15	7
153	15	4
153	15	55
153	15	36
153	15	38
153	15	5
153	15	58
153	15	56
153	15	60
153	15	59
153	15	1
153	15	169
153	15	39
153	15	40
153	15	3
153	15	119
153	15	152
153	69	189
153	15	35
153	69	32
153	15	157
153	15	37
153	15	41
153	15	86
169	15	6
169	15	7
169	15	4
169	15	55
169	15	38
169	15	5
169	15	36
169	15	58
169	15	56
169	15	60
169	15	59
169	15	3
169	15	169
169	15	1
169	15	40
169	15	119
169	15	39
169	15	152
169	69	189
169	69	32
169	15	157
169	15	35
169	15	86
154	15	6
154	15	7
154	15	4
154	15	38
154	15	5
154	15	36
154	15	3
154	15	55
154	15	169
154	15	39
154	15	1
154	15	40
154	69	189
154	15	152
154	69	32
154	15	58
154	15	56
154	15	59
154	15	60
154	15	157
154	15	86
154	15	37
154	15	41
154	15	119
154	15	117
154	58	6
154	58	7
154	58	4
154	15	35
154	15	32
154	58	3
154	15	0
154	58	32
154	58	5
176	1	29
176	1	10
176	1	33
176	1	9
176	1	34
176	1	16
176	1	27
176	1	53
176	1	49
176	107	138
176	107	32
176	12	16
176	12	9
231	13	6
231	13	4
231	13	7
231	13	32
231	13	3
231	13	73
231	13	86
231	13	74
231	13	157
231	13	5
231	13	152
231	13	38
231	13	11
231	13	169
231	13	154
231	13	0
231	13	153
231	13	2
231	13	117
231	13	170
231	13	1
231	13	42
231	13	30
231	13	55
128	13	6
128	13	4
128	13	7
128	13	32
128	13	3
128	13	86
128	13	73
128	13	157
128	13	74
128	13	152
128	13	5
128	13	38
128	13	11
128	13	169
128	13	154
128	13	0
128	13	153
128	13	2
128	13	117
128	13	170
128	13	1
128	13	42
128	13	30
128	31	138
128	13	55
128	13	17
128	26	164
128	26	213
128	13	127
128	31	32
128	13	67
128	13	155
128	13	175
128	31	72
128	31	212
128	13	109
128	26	67
128	13	198
128	26	75
128	13	15
128	13	196
128	30	115
128	12	16
128	12	9
128	31	198
128	31	196
128	13	75
128	12	29
128	13	72
128	31	67
128	14	69
128	14	271
128	14	272
128	31	288
128	13	264
128	14	96
128	26	32
128	13	227
128	28	6
128	28	4
128	28	7
128	28	32
128	28	3
128	28	73
128	28	157
128	28	86
128	28	152
128	28	74
128	28	38
128	28	153
128	28	11
128	28	0
128	12	33
128	28	170
128	28	42
128	14	32
128	28	30
128	28	155
128	13	201
128	12	27
128	12	10
128	28	1
128	13	444
128	28	55
128	13	197
128	28	5
128	28	175
128	28	154
128	28	127
128	28	67
128	28	2
128	28	169
128	31	117
128	26	212
128	28	198
128	28	196
128	12	34
128	31	96
128	14	15
128	28	109
128	28	197
128	14	140
128	14	133
128	28	63
128	13	185
128	14	83
128	14	198
128	14	196
128	14	154
128	14	308
128	14	200
128	12	19
128	12	53
128	12	49
128	86	58
128	86	107
128	13	477
128	28	75
128	86	87
128	86	55
128	13	63
128	11	396
128	28	72
128	13	20
128	31	75
128	11	200
128	28	444
128	28	15
128	11	117
128	13	140
128	11	364
128	11	194
128	11	193
128	11	323
128	28	264
128	11	288
128	11	252
128	11	75
128	11	501
128	11	502
128	11	221
128	11	503
128	28	20
128	86	9
128	28	140
128	13	156
128	28	477
128	28	199
128	28	69
128	28	284
128	12	18
128	1	29
128	84	29
128	1	10
128	84	19
128	1	33
128	84	9
128	86	16
128	13	199
128	84	16
128	1	9
128	13	69
128	13	284
128	12	31
128	12	23
128	13	215
128	31	140
128	116	81
128	116	18
128	116	29
128	116	76
128	116	9
128	116	22
128	1	34
128	26	80
128	26	29
128	106	0
128	106	6
128	12	111
128	116	16
128	12	30
128	1	16
128	106	4
128	106	7
128	12	17
128	1	27
128	12	28
128	26	194
128	31	54
128	106	3
128	28	17
128	84	27
128	106	38
128	106	169
128	1	53
128	1	49
128	84	33
128	106	157
128	106	152
128	26	303
128	12	12
128	13	54
128	12	26
128	106	36
128	12	51
128	106	153
128	116	100
128	106	86
128	31	199
128	28	117
128	106	40
128	107	138
128	106	1
128	86	305
128	84	28
128	109	29
128	109	111
128	109	9
128	84	23
128	12	22
128	106	42
128	109	16
128	106	32
49	8	9
49	8	29
49	8	16
49	8	33
49	8	10
49	19	115
49	6	123
49	17	67
49	17	164
49	6	129
49	8	27
49	6	128
49	8	34
49	17	268
49	8	53
49	8	49
49	17	32
49	6	126
49	17	168
49	8	18
49	3	16
49	3	9
49	17	75
49	3	29
49	8	31
49	8	19
49	3	33
49	3	10
49	8	30
49	8	17
49	6	131
49	6	132
49	38	128
49	6	121
49	17	54
49	8	26
49	8	8
49	3	27
49	6	35
49	3	34
49	38	129
49	38	126
49	3	53
49	3	49
49	8	12
49	17	198
49	17	196
49	66	6
49	66	7
49	66	4
49	8	22
49	38	123
49	48	4
49	48	6
49	48	7
49	48	73
49	48	3
49	48	32
49	48	157
49	48	86
49	48	152
49	48	38
49	48	153
49	48	0
49	17	213
49	48	42
49	48	170
49	8	21
49	66	38
49	48	155
49	48	5
49	48	154
49	8	23
49	66	3
49	48	1
49	48	67
49	48	2
49	48	74
49	48	11
49	48	169
49	66	169
49	43	259
49	43	194
49	43	196
49	43	170
49	43	67
49	43	44
49	43	198
49	43	453
49	48	30
49	66	157
49	17	163
49	66	152
49	48	197
49	17	117
49	8	28
49	48	72
49	48	109
49	8	148
49	48	55
49	8	111
49	48	175
49	48	127
49	3	18
49	48	15
49	85	67
49	48	444
49	66	0
49	48	198
49	66	36
49	48	196
49	66	153
49	48	63
49	17	257
49	66	86
49	66	40
49	48	75
49	66	5
49	17	197
49	66	1
49	48	20
49	48	264
49	85	168
49	85	167
49	85	155
49	85	154
49	85	32
49	85	117
49	85	198
49	85	199
49	85	196
49	85	72
49	85	54
49	85	489
49	8	108
49	66	32
49	3	31
49	48	140
49	8	76
49	48	477
49	48	284
49	48	199
49	48	69
49	66	42
49	3	19
49	8	51
49	43	211
49	8	69
49	66	39
49	66	55
49	3	30
49	17	212
49	3	17
49	8	70
49	24	6
49	24	7
49	24	4
49	38	35
49	21	34
49	6	161
49	21	29
49	66	30
49	8	24
49	66	17
49	21	51
49	3	8
49	66	37
49	3	26
49	38	121
49	3	22
49	24	36
49	45	31
49	8	102
49	45	29
49	38	132
49	38	131
49	45	33
49	45	9
49	24	38
49	24	169
49	45	10
49	3	12
49	21	68
49	45	30
49	45	17
49	24	40
49	77	31
49	77	29
49	19	116
49	77	33
49	8	78
49	77	10
49	45	16
49	24	3
49	77	9
49	45	27
49	8	11
49	6	122
49	77	17
49	77	30
49	77	27
49	66	185
49	45	26
49	66	41
49	45	53
49	77	16
49	45	49
49	24	152
49	8	14
49	8	100
49	24	86
49	6	125
49	24	157
49	6	124
49	3	21
49	66	175
49	8	35
49	3	23
49	66	117
49	8	142
49	21	49
49	24	0
49	21	53
49	41	99
49	24	39
49	77	53
49	3	148
49	77	49
49	66	170
49	38	161
49	77	26
49	41	98
49	24	153
49	21	117
49	8	81
49	6	270
49	45	18
49	8	117
49	21	114
49	24	37
49	8	161
49	77	34
49	45	34
49	24	5
49	3	28
49	21	32
49	8	85
49	8	75
49	66	156
49	3	51
49	24	1
49	3	111
49	3	76
49	45	19
49	66	67
49	77	18
49	24	55
49	6	190
49	25	481
49	25	482
49	21	9
49	24	32
49	19	75
49	24	41
49	48	117
49	24	42
49	8	13
49	3	108
49	82	30
49	82	17
9	8	9
9	8	29
9	8	16
9	8	33
9	8	10
9	19	115
9	8	27
9	17	67
9	17	164
9	8	34
9	17	268
9	6	123
9	8	53
9	8	49
9	6	129
9	6	128
9	17	32
9	3	16
9	3	9
9	3	29
9	17	168
9	8	18
9	6	126
9	17	75
9	8	19
9	3	33
9	3	10
9	38	128
9	8	31
9	38	126
9	38	129
9	8	30
9	8	17
9	3	27
9	38	123
9	3	34
9	8	26
9	8	8
9	8	22
9	17	54
9	6	131
9	6	132
9	3	53
9	3	49
9	6	121
9	17	213
9	8	12
9	8	28
9	6	35
9	48	6
9	48	4
9	48	7
9	48	3
9	48	73
9	48	32
9	48	157
9	48	86
9	48	152
9	48	38
9	48	153
9	48	0
9	8	23
9	17	198
9	48	42
9	17	196
9	48	170
9	8	111
9	48	155
9	48	5
9	48	154
9	48	67
9	48	2
9	3	18
9	8	21
9	48	74
9	66	6
9	43	259
9	43	194
9	43	196
9	43	170
9	43	67
9	43	44
9	43	198
9	43	453
9	48	11
9	66	7
9	66	4
9	48	1
9	48	169
9	48	30
9	48	197
9	48	72
9	8	148
9	48	55
9	48	175
9	66	38
9	48	15
9	66	3
9	48	127
9	8	51
9	48	109
9	3	19
9	17	163
9	48	198
9	17	117
9	48	444
9	48	196
9	66	169
9	8	76
9	85	67
9	66	157
9	38	35
9	66	152
9	48	63
9	8	108
9	48	75
9	48	140
9	43	211
9	8	142
9	48	20
9	3	31
9	48	264
9	17	257
9	38	121
9	66	0
9	17	212
9	66	36
9	85	168
9	85	167
9	85	155
9	85	154
9	85	32
9	85	117
9	85	198
9	85	199
9	85	196
9	85	72
9	85	54
9	85	489
9	17	197
9	48	477
9	48	284
9	48	199
9	48	69
9	66	153
9	66	40
9	8	69
9	3	22
9	66	86
9	3	30
9	66	5
9	66	1
9	24	6
9	24	7
9	8	24
9	32	123
9	24	4
9	3	17
9	38	131
9	38	132
9	66	32
9	32	129
9	66	42
9	19	116
9	32	128
9	8	78
9	8	102
9	66	39
9	8	70
9	3	8
9	66	55
9	3	28
9	8	11
9	24	36
9	3	26
9	24	38
9	24	169
9	3	12
9	8	85
9	38	161
9	8	14
9	8	100
9	24	40
9	24	3
9	6	161
9	3	23
9	76	18
9	3	111
9	66	30
9	66	37
9	66	17
9	24	152
9	3	51
9	24	86
9	24	157
9	3	148
9	32	126
9	76	9
9	41	99
9	24	0
9	3	21
9	8	81
9	3	142
9	21	34
9	76	27
9	41	98
9	76	102
9	45	31
9	76	76
9	21	29
9	45	29
9	3	76
9	45	33
9	45	9
9	24	153
9	76	148
9	76	16
9	45	10
9	8	75
9	45	30
9	76	29
9	24	39
9	45	17
9	25	481
9	25	482
9	76	22
9	8	35
9	21	51
9	45	16
9	45	27
9	38	176
9	8	114
9	66	41
9	6	122
9	77	31
9	77	29
9	24	5
9	38	125
9	77	33
9	66	185
9	24	37
9	77	10
9	77	9
9	66	175
9	24	1
9	8	117
9	6	125
9	66	117
9	76	78
9	76	24
9	45	26
9	8	161
9	6	124
9	77	17
9	77	30
9	45	53
9	77	27
9	76	33
9	45	49
9	8	68
9	77	16
9	24	55
9	24	32
9	21	68
9	38	124
9	3	24
9	8	141
9	3	108
9	24	42
9	48	117
9	66	170
9	19	75
9	76	100
9	77	53
9	24	41
9	3	102
9	76	10
9	77	49
9	6	270
9	17	96
9	3	78
9	8	77
9	45	18
9	77	26
9	21	53
9	21	49
9	38	122
9	21	114
9	8	63
9	8	13
9	66	156
9	32	121
9	41	198
9	3	85
9	77	34
9	21	9
9	45	34
9	3	69
9	17	99
9	76	53
9	32	35
9	3	100
9	66	67
9	24	30
9	6	204
9	3	11
9	24	17
9	6	190
9	76	49
9	45	19
9	48	17
9	21	16
9	32	131
9	32	132
9	19	117
9	66	184
9	77	18
9	82	30
9	82	17
9	3	14
9	102	123
9	76	81
9	3	70
9	8	91
9	21	117
9	43	344
9	43	117
9	43	32
9	43	167
9	41	200
9	21	18
9	82	32
9	24	185
9	66	165
9	3	81
9	102	129
9	102	128
9	100	271
9	100	69
9	21	32
9	100	272
9	38	204
9	21	111
9	41	54
9	77	19
9	45	70
9	45	12
9	24	175
9	6	231
9	66	155
9	17	199
9	17	296
9	17	167
9	8	54
9	24	170
9	3	75
9	41	196
9	8	146
9	21	27
9	100	96
9	45	21
9	41	117
9	21	22
9	66	154
9	66	72
9	38	231
9	8	32
9	3	35
31	8	9
31	8	29
31	8	16
31	8	33
31	8	10
31	19	115
31	6	123
31	6	129
31	6	128
31	8	27
31	8	34
31	8	53
31	8	49
31	17	67
31	17	164
31	17	268
31	6	126
31	17	32
31	8	18
31	17	168
31	8	31
31	8	19
31	8	30
31	8	17
31	17	75
31	3	16
31	3	9
31	3	29
31	6	131
31	6	132
31	8	26
31	3	33
31	38	128
31	3	10
31	6	121
31	38	129
31	38	126
31	6	35
31	38	123
31	3	27
31	8	8
31	3	34
31	8	12
31	17	54
31	8	22
31	8	21
31	66	6
31	66	7
31	66	4
31	3	53
31	3	49
31	17	198
31	17	196
31	8	23
31	66	38
31	45	31
31	66	3
31	45	29
31	8	28
31	45	33
31	45	9
31	45	10
31	45	30
31	8	148
31	45	17
31	8	111
31	66	169
31	45	16
31	77	31
31	77	29
31	45	27
31	66	157
31	77	33
31	17	213
31	66	152
31	77	10
31	77	9
31	48	3
31	48	73
31	48	6
31	48	4
31	48	7
31	48	32
31	48	157
31	48	86
31	48	152
31	48	38
31	17	163
31	8	108
31	48	153
31	8	69
31	48	0
31	48	42
31	3	18
31	48	170
31	66	0
31	77	17
31	77	30
31	45	26
31	77	27
31	48	155
31	45	53
31	48	5
31	48	154
31	45	49
31	77	16
31	66	153
31	48	67
31	66	36
31	48	1
31	48	2
31	66	40
31	48	74
31	48	11
31	8	76
31	3	31
31	48	169
31	43	196
31	43	67
31	43	453
31	43	198
31	43	170
31	43	259
31	43	44
31	43	194
31	48	30
31	77	53
31	77	49
31	8	70
31	66	86
31	48	72
31	17	257
31	48	197
31	66	1
31	3	19
31	66	32
31	48	127
31	8	51
31	48	55
31	48	109
31	48	175
31	45	18
31	77	26
31	85	67
31	66	42
31	66	5
31	48	15
31	48	198
31	48	444
31	66	39
31	3	30
31	48	196
31	17	197
31	77	34
31	3	17
31	17	117
31	45	34
31	66	55
31	48	63
31	38	132
31	38	131
31	48	75
31	48	20
31	8	24
31	38	35
31	48	264
31	38	121
31	48	140
31	66	17
31	66	30
31	45	19
31	48	477
31	48	284
31	48	199
31	48	69
31	3	26
31	66	37
31	77	18
31	6	161
31	8	11
31	8	102
31	85	168
31	85	167
31	85	155
31	85	154
31	85	32
31	85	117
31	85	198
31	85	199
31	85	196
31	85	72
31	85	54
31	85	489
31	8	78
31	77	19
31	17	212
31	45	12
31	45	70
31	3	8
31	24	6
31	8	100
31	24	7
31	24	4
31	3	12
31	43	211
31	8	35
31	45	21
31	3	22
31	19	116
31	66	185
31	8	142
31	6	122
10	8	9
10	8	29
10	8	16
10	8	33
10	8	10
10	19	115
10	6	123
10	8	27
10	8	34
10	6	129
10	6	128
10	17	67
10	17	164
10	8	53
10	8	49
10	17	268
10	17	32
10	6	126
10	3	16
10	3	9
10	17	168
10	3	29
10	8	18
10	3	33
10	3	10
10	17	75
10	8	19
10	8	31
10	8	30
10	8	17
10	3	34
10	3	27
10	6	121
10	6	131
10	6	132
10	8	8
10	38	128
10	8	26
10	6	35
10	38	129
10	17	54
10	38	126
10	3	53
10	3	49
10	8	22
10	8	12
10	17	198
10	17	196
10	38	123
10	8	21
10	66	6
10	66	7
10	66	4
10	48	7
10	48	4
10	48	73
10	48	6
10	48	3
10	17	213
10	48	32
10	48	157
10	48	86
10	8	23
10	48	152
10	48	38
10	48	153
10	48	0
10	48	42
10	48	170
10	3	18
10	8	28
10	48	155
10	48	5
10	48	67
10	48	154
10	48	1
10	8	111
10	48	2
10	66	38
10	17	163
10	48	74
10	66	3
10	48	11
10	43	259
10	43	194
10	43	196
10	43	170
10	43	67
10	43	44
10	43	198
10	43	453
10	48	169
10	48	30
10	48	197
10	48	72
10	66	169
10	8	148
10	17	257
10	66	157
10	48	55
10	66	152
10	48	127
10	48	175
10	48	109
10	48	15
10	48	198
10	48	196
10	48	444
10	85	67
10	3	19
10	17	197
10	3	31
10	66	0
10	48	63
10	66	36
10	8	108
10	8	51
10	66	153
10	48	75
10	17	117
10	66	40
10	48	20
10	48	264
10	8	76
10	48	140
10	66	86
10	85	168
10	85	167
10	85	155
10	85	154
10	85	32
10	85	117
10	85	198
10	85	199
10	85	196
10	85	72
10	85	54
10	85	489
10	66	1
10	3	30
10	48	477
10	48	284
10	48	199
10	48	69
10	66	5
10	8	69
10	3	17
10	43	211
10	66	32
10	3	8
10	3	22
10	66	42
10	66	39
10	17	212
10	8	24
10	66	55
10	8	70
10	24	6
10	6	161
10	24	7
10	24	4
10	3	26
10	38	35
10	38	121
10	8	142
10	66	37
10	3	12
10	66	30
10	66	17
10	24	36
10	8	102
10	24	169
10	24	38
10	38	132
10	38	131
10	24	40
10	19	116
10	45	31
10	45	29
10	8	78
10	8	11
10	8	14
10	45	33
10	45	9
10	24	3
10	45	10
10	3	21
10	45	30
10	3	23
10	45	17
10	6	122
10	77	31
10	77	29
10	45	16
10	77	33
10	45	27
10	77	10
10	77	9
10	3	28
10	24	152
10	8	100
10	24	157
10	3	148
10	6	125
10	8	35
10	24	86
10	6	124
10	8	85
10	41	99
10	77	17
10	77	30
10	24	0
10	66	41
10	45	26
10	77	27
10	3	111
10	45	53
10	66	185
10	77	16
10	45	49
10	24	39
10	66	175
10	3	51
10	41	98
10	8	81
10	38	161
10	8	161
10	8	117
10	24	153
10	77	53
10	24	37
10	77	49
10	66	117
10	6	270
10	3	76
10	66	170
10	8	75
10	77	26
10	45	18
10	24	5
10	77	34
10	38	176
10	45	34
10	24	1
10	3	24
10	3	108
10	66	156
10	6	204
10	24	55
10	25	481
10	25	482
10	8	141
10	6	190
10	24	32
10	8	13
10	19	75
10	24	42
10	8	114
10	45	19
10	24	41
10	77	18
10	66	67
10	21	34
10	38	125
10	3	69
10	21	29
10	8	63
10	48	117
10	3	102
10	3	142
10	17	99
10	17	96
10	77	19
10	6	231
10	45	12
10	41	198
10	66	184
10	43	344
10	43	117
10	43	32
10	43	167
10	45	70
10	3	78
10	66	165
10	8	68
10	82	30
10	82	17
10	3	70
10	8	77
10	21	51
10	38	124
10	82	32
10	45	21
10	66	155
10	24	17
10	24	30
10	100	271
10	100	69
10	100	272
10	17	167
21	19	115
21	8	9
21	8	29
21	8	16
21	8	33
21	8	10
21	6	123
21	6	129
21	6	128
21	8	27
21	17	67
21	17	164
21	8	34
21	17	268
21	8	53
21	8	49
21	17	32
21	6	126
21	8	18
21	17	168
21	8	31
21	8	19
21	17	75
21	3	16
21	3	9
21	8	30
21	3	29
21	8	17
21	3	33
21	3	10
21	6	131
21	6	132
21	8	26
21	38	128
21	38	129
21	6	121
21	8	22
21	38	126
21	3	27
21	8	12
21	6	35
21	17	54
21	3	34
21	8	21
21	8	8
21	38	123
21	3	53
21	3	49
21	66	6
21	66	7
21	66	4
21	17	198
21	17	196
21	8	148
21	8	23
21	66	3
21	66	38
21	17	213
21	8	28
21	8	111
21	8	108
21	66	169
21	8	76
21	3	18
21	66	157
21	66	152
21	48	73
21	48	6
21	48	4
21	48	7
21	48	3
21	48	32
21	48	157
21	48	86
21	48	38
21	48	152
21	48	153
21	17	163
21	48	0
21	8	69
21	48	42
21	45	31
21	48	170
21	45	29
21	48	155
21	17	117
21	48	67
21	45	9
21	45	33
21	48	5
21	66	0
21	48	154
21	45	10
21	66	36
21	45	30
21	48	1
21	66	40
21	45	17
21	48	2
21	48	74
21	3	31
33	8	9
33	8	29
33	8	16
33	8	33
33	8	10
33	19	115
33	6	123
33	17	67
33	17	164
33	8	27
33	8	34
33	6	129
33	6	128
33	17	268
33	8	53
33	8	49
33	17	32
33	17	168
33	6	126
33	3	16
33	3	9
33	3	29
33	8	18
33	17	75
33	3	33
33	3	10
33	8	19
33	8	31
33	8	30
33	8	17
33	3	34
33	3	27
33	38	128
33	6	121
33	6	131
33	6	132
33	8	8
33	38	129
33	17	54
33	38	126
33	8	26
33	6	35
33	3	53
33	3	49
33	8	22
33	17	198
33	17	196
33	38	123
33	17	213
33	8	12
33	48	7
33	48	4
33	48	73
33	48	6
33	48	3
33	48	32
33	48	157
33	48	86
33	48	152
33	48	38
33	48	153
33	48	0
33	48	42
33	48	170
33	66	6
33	66	7
33	66	4
33	48	155
33	48	5
33	48	154
33	8	21
33	8	23
33	48	67
33	48	2
33	48	74
33	48	11
33	43	259
33	43	194
33	43	196
33	43	170
33	43	67
33	43	44
33	43	198
33	43	453
33	48	169
33	17	163
33	3	18
33	48	1
33	8	28
33	48	30
33	66	38
33	48	197
33	48	72
33	8	111
33	66	3
33	48	55
33	17	257
33	48	175
33	48	15
33	66	169
33	8	148
33	48	109
33	66	157
33	85	67
33	48	127
33	66	152
33	48	198
33	17	197
33	48	444
33	48	196
33	17	117
33	66	0
33	3	19
33	48	63
33	66	36
33	48	75
33	48	140
33	3	31
33	66	153
33	8	108
33	66	40
33	85	168
33	85	167
33	85	155
33	85	154
33	85	32
33	85	117
33	85	198
33	85	199
33	85	196
33	85	72
33	85	54
33	85	489
33	48	20
33	43	211
33	48	264
33	8	51
33	8	76
33	66	86
33	66	5
33	17	212
33	66	1
33	48	477
33	48	284
33	48	199
33	48	69
33	8	69
33	3	30
33	3	17
33	66	32
33	24	6
33	3	22
33	66	42
33	24	7
33	24	4
33	66	39
33	3	8
33	38	35
33	8	24
33	66	55
33	8	70
33	6	161
33	38	121
33	3	26
33	24	36
33	38	132
33	38	131
33	24	169
33	24	38
33	66	37
33	66	30
33	3	12
33	66	17
33	24	40
33	8	102
33	19	116
33	24	3
33	8	142
33	8	78
33	8	11
33	41	99
33	45	31
33	45	29
33	8	14
33	45	33
33	45	9
33	3	23
33	45	10
33	24	152
33	3	21
33	45	30
33	45	17
33	41	98
33	24	157
33	8	100
33	6	122
33	24	86
33	77	31
33	77	29
33	45	16
33	45	27
33	77	33
33	24	0
33	77	10
33	3	148
33	77	9
33	6	125
33	66	41
33	3	28
33	8	35
33	6	124
33	24	39
33	8	85
33	38	161
33	77	17
33	77	30
33	66	185
33	45	26
33	66	175
33	77	27
33	24	153
33	45	53
33	77	16
33	45	49
33	3	111
33	66	117
33	3	51
33	8	81
33	24	37
33	8	161
33	24	5
33	8	117
33	77	53
33	77	49
33	6	270
33	3	76
33	8	75
33	24	1
33	66	170
33	77	26
33	45	18
33	48	117
33	24	55
33	77	34
33	25	481
33	25	482
33	45	34
33	24	32
33	21	34
33	3	24
33	38	176
33	21	29
33	24	42
33	24	41
33	3	108
33	66	156
33	6	204
33	19	75
33	8	114
33	8	141
33	38	125
33	17	96
33	6	190
33	41	198
33	8	13
33	17	99
33	45	19
33	66	67
33	77	18
33	8	63
33	21	51
33	3	102
33	3	69
33	66	184
33	38	124
33	82	30
33	82	17
33	100	271
33	48	17
33	6	231
33	100	69
33	100	272
33	77	19
33	3	78
33	8	77
33	8	68
33	41	200
33	102	123
33	43	344
33	43	117
33	43	32
33	43	167
33	66	165
33	45	12
33	82	32
33	24	30
33	45	70
33	24	17
33	3	70
33	17	167
33	38	122
33	17	296
33	102	129
33	41	54
33	21	68
33	102	128
33	66	155
33	100	96
33	3	142
33	45	21
33	41	196
33	3	100
33	66	72
33	21	9
33	3	11
16	8	9
16	8	29
16	8	16
16	19	115
16	8	33
16	8	10
16	8	27
16	17	67
16	17	164
16	8	34
16	17	268
16	8	53
16	6	123
16	8	49
16	3	16
16	3	9
16	17	32
16	6	129
16	3	29
16	6	128
16	17	168
16	8	18
16	3	33
16	3	10
16	6	126
16	8	19
16	17	75
16	38	128
16	8	31
16	38	126
16	38	129
16	3	27
16	3	34
16	8	30
16	8	17
16	38	123
16	3	53
16	3	49
16	8	26
16	8	22
16	8	8
16	17	54
16	6	131
16	6	132
16	6	121
16	8	28
16	8	12
16	17	213
16	48	6
16	48	4
16	48	7
16	48	73
16	48	3
16	48	32
16	48	157
16	48	86
16	6	35
16	48	152
16	8	23
16	48	38
16	48	153
16	3	18
16	8	111
16	48	0
16	48	42
16	17	198
16	48	170
16	17	196
16	48	155
16	48	5
16	48	154
16	8	21
16	48	67
16	48	2
16	66	6
16	66	7
16	48	74
16	66	4
16	48	11
16	43	259
16	43	194
16	43	196
16	43	170
16	43	67
16	43	44
16	43	198
16	43	453
16	48	169
16	48	1
16	8	148
16	48	30
16	48	197
16	48	72
16	3	19
16	48	55
16	8	51
16	66	38
16	48	175
16	48	15
16	66	3
16	8	76
16	48	127
16	17	117
16	48	109
16	38	35
16	48	198
16	66	169
16	17	163
16	48	196
16	48	444
16	85	67
16	3	31
16	66	157
16	66	152
16	8	108
16	8	142
16	48	63
16	38	121
16	48	75
16	43	211
16	48	140
16	3	22
16	48	20
16	66	0
16	17	212
16	48	264
16	3	30
16	85	168
16	85	167
16	85	155
16	85	154
16	85	32
16	85	117
16	85	198
16	85	199
16	85	196
16	85	72
16	85	54
16	85	489
16	66	36
16	17	257
16	66	153
16	8	69
16	48	477
16	17	197
16	48	284
16	48	199
16	48	69
16	3	17
16	66	40
16	8	24
16	66	5
16	66	86
16	38	131
16	38	132
16	66	1
16	24	6
16	24	7
16	24	4
16	32	123
16	3	8
16	3	28
16	8	102
16	8	78
16	66	32
16	19	116
16	3	26
16	66	42
16	3	12
16	32	129
16	8	70
16	8	11
16	32	128
16	38	161
16	66	39
16	66	55
16	8	85
16	8	100
16	3	23
16	24	36
16	24	169
16	24	38
16	3	111
16	8	14
16	3	51
16	24	40
16	24	3
16	6	161
16	3	148
16	66	30
16	3	21
16	66	17
16	66	37
16	24	152
16	3	142
16	24	157
16	24	86
16	3	76
16	8	81
16	21	34
16	32	126
16	24	0
16	76	18
16	21	29
16	45	31
16	45	29
16	41	99
16	45	33
16	45	9
16	8	75
16	45	10
16	45	30
16	45	17
16	21	51
16	24	153
16	76	9
16	38	125
16	25	481
16	25	482
16	41	98
16	8	35
16	45	16
16	8	114
16	45	27
16	24	39
16	38	176
16	66	41
16	76	102
16	24	5
16	76	27
16	6	122
16	77	31
16	77	29
16	76	76
16	66	185
16	77	33
16	8	117
16	77	10
16	8	161
16	66	175
16	24	1
16	76	16
16	76	148
16	77	9
16	76	29
16	66	117
16	24	37
16	3	24
16	6	125
16	45	26
16	3	108
16	76	22
16	45	53
16	45	49
16	21	68
16	8	68
16	38	124
16	77	17
16	77	30
16	6	124
16	77	27
16	3	102
16	24	55
16	8	141
16	24	32
16	77	16
16	19	75
16	48	117
16	3	78
16	24	42
16	66	170
16	76	24
16	76	78
16	17	96
16	3	85
16	8	77
16	77	53
16	76	33
16	77	49
16	21	53
16	21	49
16	6	270
16	45	18
16	38	122
16	24	41
16	3	69
16	8	13
16	77	26
16	8	63
16	66	156
16	21	114
16	3	100
16	76	10
16	45	34
16	21	9
16	76	100
16	32	121
16	3	11
16	77	34
16	41	198
16	17	99
16	3	14
16	66	67
16	32	35
16	45	19
16	19	117
16	3	70
16	24	30
16	82	30
16	82	17
16	48	17
16	102	123
16	6	204
16	21	16
16	6	190
16	24	17
16	66	184
16	21	117
16	8	91
16	76	53
16	3	81
16	82	32
16	102	129
16	102	128
16	77	18
16	32	131
16	32	132
16	21	32
16	43	344
16	43	117
16	43	32
16	43	167
16	21	18
16	76	49
16	3	75
16	38	204
16	100	271
16	24	185
16	66	165
16	17	199
16	45	12
16	100	69
16	100	272
16	45	70
16	76	81
16	66	155
16	41	200
16	21	111
16	8	54
16	24	175
16	77	19
16	6	231
16	17	296
16	3	35
16	8	146
27	8	9
27	8	29
27	19	115
27	8	16
27	8	33
27	8	10
27	6	123
27	17	67
27	17	164
27	6	129
27	8	27
27	17	268
27	6	128
27	8	34
27	17	32
27	8	53
27	8	49
27	17	168
27	6	126
27	8	18
27	17	75
27	3	16
27	3	9
27	3	29
27	8	19
27	8	31
27	3	33
27	3	10
27	38	128
27	8	30
27	8	17
27	38	129
27	38	126
27	3	27
27	6	131
27	6	132
27	6	121
27	17	54
27	8	26
27	38	123
27	6	35
27	3	34
27	8	22
27	8	8
27	17	198
27	17	213
27	8	12
27	17	196
27	3	53
27	3	49
27	66	6
27	66	7
27	66	4
27	48	6
27	48	4
27	48	7
27	48	3
27	48	73
27	48	32
27	48	157
27	48	86
27	48	152
27	48	38
27	48	153
27	48	0
27	48	42
27	48	170
27	48	155
27	48	5
27	48	154
27	48	67
27	8	23
27	8	21
27	48	2
27	66	38
27	48	74
27	48	1
27	3	18
27	48	11
27	66	3
27	48	169
27	43	259
27	43	194
27	43	196
27	43	170
27	43	67
27	43	44
27	43	198
27	43	453
27	48	30
27	17	163
27	8	28
27	8	148
27	66	169
27	48	197
27	48	72
27	17	117
27	8	111
27	66	157
27	66	152
27	48	55
27	48	175
27	48	127
27	48	109
27	48	15
27	85	67
27	48	198
27	48	444
27	48	196
27	66	0
27	8	76
27	66	36
27	17	257
27	66	153
27	48	63
27	66	40
27	48	75
27	8	51
27	17	197
27	3	19
27	66	86
27	48	20
27	85	168
27	85	167
27	85	155
27	85	154
27	85	32
27	85	117
27	85	198
27	85	199
27	85	196
27	85	72
27	85	54
27	85	489
27	48	140
27	48	264
27	8	108
27	66	1
27	66	5
27	43	211
27	3	31
27	17	212
27	38	35
27	48	477
27	48	284
27	48	199
27	48	69
27	8	69
27	66	32
27	66	42
27	66	39
27	3	22
27	3	30
27	8	24
27	38	121
27	66	55
27	3	17
27	24	6
27	24	7
27	38	132
27	38	131
27	24	4
27	8	70
27	8	102
27	6	161
27	8	78
27	3	26
27	66	37
27	66	30
27	66	17
27	24	36
27	3	8
27	41	99
27	3	12
27	8	100
27	8	11
27	24	169
27	24	38
27	19	116
27	45	31
27	45	29
27	24	40
27	45	33
27	45	9
27	41	98
27	45	10
27	45	30
27	45	17
27	24	3
27	45	16
27	45	27
27	8	142
27	3	148
27	77	31
27	77	29
27	77	33
27	38	161
27	3	23
27	24	152
27	77	10
27	6	122
27	8	81
27	77	9
27	24	157
27	66	41
27	8	14
27	3	21
27	24	86
27	45	26
27	66	185
27	6	125
27	21	34
27	45	53
27	24	0
27	77	27
27	45	49
27	77	17
27	77	30
27	6	124
27	21	29
27	77	16
27	66	175
27	3	28
27	3	76
27	24	39
27	8	35
27	66	117
27	3	51
27	8	85
27	25	481
27	25	482
27	24	153
27	8	117
27	77	53
27	3	111
27	77	49
27	21	51
27	8	161
27	66	170
27	24	37
27	45	18
27	6	270
27	8	75
27	77	26
27	19	75
27	38	125
27	24	5
27	77	34
27	45	34
27	24	1
27	41	198
27	66	156
27	3	24
27	17	99
27	45	19
27	24	55
27	6	204
27	3	102
27	21	68
27	24	32
27	48	117
27	8	114
27	3	108
27	24	41
27	66	67
27	24	42
27	77	18
27	38	124
27	8	63
27	6	190
27	8	141
27	17	96
27	3	78
27	8	13
27	21	49
27	21	53
27	3	69
27	82	30
27	82	17
27	38	176
27	21	9
27	66	184
27	8	77
27	102	123
27	41	200
27	45	12
27	38	122
27	82	32
27	45	70
27	66	165
27	3	100
27	17	167
27	77	19
27	17	296
27	41	54
27	6	231
27	8	68
27	102	129
27	102	128
27	21	16
35	13	7
35	13	4
35	13	6
35	13	3
35	13	32
35	13	73
35	13	86
35	13	152
35	13	157
35	13	74
35	13	38
35	13	5
35	13	11
35	13	153
35	13	154
35	13	169
35	13	0
35	31	138
35	13	2
35	13	170
35	101	96
35	101	32
35	13	1
35	13	117
35	31	32
35	13	42
35	101	83
35	13	30
35	30	115
35	22	29
35	31	72
35	101	117
35	101	154
35	13	55
35	31	212
35	101	140
35	22	9
35	101	198
35	22	16
35	101	138
35	13	127
35	13	67
35	13	17
35	22	33
35	13	155
35	13	175
35	101	196
35	13	109
35	26	164
35	22	10
35	26	213
35	12	9
35	12	16
35	22	27
35	12	29
35	8	9
35	22	34
35	8	29
35	31	198
35	31	196
35	101	199
35	8	16
35	13	198
35	22	53
35	22	49
35	8	33
35	19	115
35	8	10
35	14	69
35	14	271
35	13	15
35	14	272
35	13	196
35	31	67
35	14	96
35	26	67
35	6	123
35	26	75
35	8	27
35	12	33
35	12	27
35	101	139
35	14	32
35	31	288
35	101	67
35	6	129
35	6	128
35	8	34
35	17	67
35	17	164
35	13	75
35	8	53
35	8	49
35	12	10
35	17	268
35	28	3
35	28	73
35	28	6
35	28	4
35	28	7
35	28	32
35	28	152
35	28	157
35	28	86
35	28	38
35	28	153
35	28	74
35	28	0
35	28	11
35	28	42
35	28	170
35	22	51
35	28	30
35	13	72
35	13	264
35	28	155
35	17	32
35	28	1
35	22	18
35	28	55
35	28	127
35	28	175
35	31	117
35	28	67
35	12	34
35	28	198
35	28	196
35	8	18
35	22	19
35	14	140
35	28	5
35	14	133
35	28	154
35	14	15
35	12	19
35	28	197
35	28	2
35	28	63
35	6	126
35	28	169
35	12	49
35	12	53
35	14	83
35	14	198
35	14	196
35	13	197
35	13	444
35	14	154
35	14	308
35	14	200
35	31	96
35	22	111
35	8	31
35	3	16
35	3	9
35	61	67
35	25	481
35	25	482
35	101	72
35	28	109
35	3	29
29	8	9
29	8	29
29	8	16
29	8	33
29	8	10
29	19	115
29	17	67
29	17	164
29	17	268
29	8	27
29	8	34
29	6	123
29	17	32
29	6	129
29	6	128
29	8	53
29	8	49
29	17	168
29	3	16
29	3	9
29	3	29
29	17	75
29	8	18
29	6	126
29	3	33
29	3	10
29	8	19
29	8	31
29	38	128
29	38	126
29	38	129
29	8	30
29	8	17
29	3	27
29	17	54
29	3	34
29	38	123
29	48	7
29	48	4
29	48	6
29	48	73
29	48	3
29	48	32
29	48	157
29	48	86
29	48	152
29	48	38
29	17	213
29	48	153
29	8	26
29	48	0
29	6	121
29	48	42
29	6	131
29	6	132
29	8	8
29	48	170
29	8	22
29	48	5
29	3	53
29	48	154
29	48	155
29	17	198
29	3	49
29	17	196
29	48	2
29	48	67
29	48	74
29	6	35
29	43	259
29	43	194
29	43	196
29	43	170
29	43	67
29	43	44
29	43	198
29	43	453
29	48	11
29	8	12
29	48	169
29	48	1
29	66	6
29	66	7
29	8	28
29	66	4
29	48	30
29	48	197
29	8	23
29	48	72
29	8	111
29	48	55
29	48	175
29	17	117
29	66	38
29	48	15
29	3	18
29	48	109
29	8	21
29	66	3
29	48	127
29	48	198
29	48	444
29	48	196
29	66	169
29	17	163
29	85	67
29	43	211
29	66	152
29	66	157
29	8	148
29	48	63
29	48	75
29	48	140
29	48	264
29	48	20
29	8	51
29	3	19
29	66	0
29	17	257
29	85	168
29	85	167
29	85	155
29	85	154
29	85	32
29	85	117
29	85	198
29	85	199
29	85	196
29	85	72
29	85	54
29	85	489
29	66	36
29	66	153
29	8	76
29	48	477
29	48	284
29	48	199
29	48	69
29	17	212
29	17	197
29	66	5
29	66	40
29	8	108
29	38	35
29	66	86
29	66	1
29	24	6
29	8	142
29	24	7
29	3	31
29	24	4
29	66	32
29	38	121
29	8	69
29	66	42
29	3	22
29	3	30
29	24	36
29	66	39
29	66	55
29	3	17
29	24	169
29	24	38
29	8	24
29	24	40
29	24	3
29	21	34
29	38	131
29	38	132
29	21	29
29	3	8
29	8	70
29	19	116
29	8	78
29	8	102
29	3	26
29	21	51
29	24	152
29	66	30
29	3	28
29	66	17
29	3	12
29	8	11
29	41	99
29	66	37
29	24	86
29	24	157
29	8	85
29	6	161
29	8	14
29	38	161
29	24	0
29	41	98
29	8	100
29	21	68
29	3	23
29	3	111
29	24	153
29	3	51
29	3	148
29	24	39
29	3	21
29	24	5
29	66	41
29	45	31
29	45	29
29	66	117
29	3	142
29	45	33
29	66	185
29	24	1
29	45	9
29	8	81
29	45	10
29	24	37
29	48	117
29	45	30
29	45	17
29	66	175
29	3	76
29	77	31
29	77	29
29	45	16
29	6	122
29	45	27
29	21	49
29	8	75
29	77	33
29	21	53
29	8	35
29	77	10
29	77	9
29	24	32
29	24	55
29	6	125
29	24	42
29	21	117
29	6	124
29	38	176
29	38	125
29	8	114
29	77	17
29	77	30
29	21	114
29	45	26
29	24	41
29	66	170
29	77	27
29	8	117
29	45	53
29	45	49
29	77	16
29	8	161
29	25	481
29	25	482
29	17	96
29	41	198
29	21	32
29	8	68
29	3	24
29	66	156
29	8	141
29	77	53
29	3	108
29	77	49
29	17	99
29	38	124
29	6	270
29	19	75
29	48	17
29	21	9
29	3	102
29	45	18
29	77	26
29	66	67
29	3	78
29	77	34
29	66	184
29	24	30
29	82	30
29	82	17
29	8	77
29	24	17
29	45	34
29	8	13
29	8	63
29	17	199
29	38	122
29	21	16
29	21	18
29	6	204
29	82	32
29	41	200
29	3	69
29	3	85
29	21	109
29	6	190
29	17	167
29	24	185
29	45	19
29	21	263
29	41	54
29	3	100
29	66	165
29	77	18
29	21	111
29	43	344
29	43	117
29	43	32
29	43	167
29	21	22
29	41	196
29	24	175
29	17	296
29	66	155
29	100	271
29	19	117
29	3	11
29	100	69
29	102	123
29	66	154
29	100	272
29	3	14
29	3	70
29	24	170
29	41	117
29	8	91
29	21	209
29	102	129
29	21	27
29	102	128
29	6	231
29	77	19
29	45	12
29	66	72
29	45	70
29	66	133
29	3	81
29	100	96
29	134	99
29	39	6
29	39	7
29	39	4
29	38	204
29	17	29
29	45	21
29	8	146
29	8	54
29	24	117
29	21	91
29	3	75
29	66	109
29	21	78
29	24	184
29	21	33
34	8	9
34	8	29
34	8	16
34	8	33
34	8	10
34	6	123
34	8	34
34	6	129
34	19	115
34	6	128
34	8	27
34	17	67
34	17	164
34	8	53
34	8	49
34	17	268
34	6	126
34	17	32
34	17	168
34	3	16
34	3	9
34	3	29
34	3	33
34	3	10
34	8	19
34	8	18
34	17	75
34	8	31
34	3	34
34	8	30
34	8	17
34	6	131
34	6	132
34	38	128
34	8	8
34	6	121
34	6	35
34	3	27
34	38	129
34	38	126
34	8	26
34	17	54
34	3	53
34	3	49
34	38	123
34	8	12
34	48	4
34	48	6
34	48	7
34	48	73
34	48	3
34	48	32
34	66	6
34	66	7
34	48	157
34	48	86
34	66	4
34	48	152
34	48	38
34	48	153
34	8	23
34	48	42
34	48	0
34	48	170
34	48	155
34	17	198
34	8	21
34	48	5
34	48	154
34	17	196
34	17	213
34	48	67
34	48	2
34	48	74
34	8	28
34	48	11
34	66	38
34	43	259
34	43	194
34	43	196
34	43	170
34	43	67
34	43	44
34	43	198
34	43	453
34	48	169
34	48	1
34	66	3
34	48	30
34	8	111
34	8	22
34	48	197
34	66	169
34	48	72
34	48	55
34	66	152
34	66	157
34	48	175
34	17	163
34	48	15
34	21	34
34	48	109
34	17	257
34	48	127
34	21	29
34	85	67
34	17	197
34	66	0
34	3	19
34	48	198
34	3	18
34	17	117
34	48	444
34	48	196
34	66	153
34	21	51
34	66	36
34	3	31
34	48	63
34	48	75
34	66	86
34	66	1
34	66	5
34	48	140
34	43	211
34	66	40
34	85	168
34	85	167
34	85	155
34	85	154
34	85	32
34	85	117
34	85	198
34	85	199
34	85	196
34	85	72
34	85	54
34	85	489
34	48	20
34	21	68
34	48	264
34	3	30
34	3	8
34	66	32
34	48	477
34	48	284
34	48	199
34	48	69
34	8	108
34	8	51
34	3	17
34	66	42
34	38	35
34	24	6
34	6	161
34	17	212
34	24	7
34	24	4
34	66	55
34	66	39
34	38	121
34	8	148
34	8	69
34	8	70
34	3	26
34	21	49
34	21	53
34	24	36
34	66	30
34	66	17
34	24	169
34	24	38
34	38	132
34	38	131
34	19	116
34	21	117
34	66	37
34	8	142
34	21	114
34	24	40
34	24	3
34	8	14
34	3	23
34	6	122
34	21	32
34	3	12
34	24	152
34	3	28
34	21	9
34	24	86
34	6	125
34	3	21
34	24	157
34	3	22
34	6	124
34	24	0
34	8	76
34	66	185
34	66	41
34	8	11
34	77	31
34	77	29
34	38	161
34	77	33
34	66	175
34	77	10
34	3	111
34	21	18
34	21	16
34	66	117
34	77	9
34	45	31
34	45	29
34	8	35
34	24	153
34	45	33
34	8	161
34	45	9
34	24	39
34	8	24
34	45	10
34	8	85
34	45	30
34	6	270
34	21	109
34	45	17
34	77	27
34	77	17
34	77	30
34	24	5
34	21	263
34	45	27
34	45	16
34	77	16
34	8	117
34	24	37
34	21	111
34	21	22
34	24	1
34	66	170
34	77	53
34	77	49
34	21	27
34	3	51
34	48	117
34	45	53
34	38	176
34	45	49
34	21	209
34	45	26
34	24	55
34	24	32
34	6	204
34	77	34
34	66	156
34	8	75
34	24	42
34	6	190
34	77	26
34	24	41
34	8	141
34	38	125
34	17	96
34	66	67
34	82	30
34	82	17
34	17	199
34	3	108
34	21	78
34	8	114
34	21	91
34	66	184
34	45	34
34	82	32
34	21	33
34	45	18
34	8	13
34	21	76
26	8	9
26	8	29
26	8	16
26	8	33
26	8	10
26	19	115
26	6	123
26	6	129
26	8	27
26	6	128
26	8	34
26	8	53
26	8	49
26	17	67
26	17	164
26	17	268
26	6	126
26	8	18
26	17	32
26	8	31
26	8	19
26	8	30
26	8	17
26	17	168
26	3	16
26	3	9
26	8	26
26	3	29
26	6	131
26	6	132
26	3	33
26	3	10
26	17	75
26	38	128
26	6	121
26	38	129
26	38	126
26	3	27
26	8	12
26	8	22
26	38	123
26	8	8
26	3	34
26	6	35
26	8	21
26	3	53
26	17	54
26	3	49
26	45	31
26	45	29
26	45	9
26	45	33
26	45	10
26	45	30
26	45	17
26	8	23
26	66	6
26	66	7
26	66	4
26	45	16
26	8	148
26	45	27
26	17	198
26	17	196
26	8	28
26	45	26
26	8	111
26	66	3
26	77	31
26	77	29
26	66	38
26	8	69
26	8	108
26	77	33
26	77	10
26	45	53
26	45	49
26	77	9
26	77	17
26	77	30
26	3	18
26	66	169
26	66	157
26	77	27
26	77	16
26	66	152
26	8	76
26	3	31
26	8	70
26	17	213
26	3	19
26	66	0
26	45	18
26	77	26
26	17	163
26	77	53
26	48	86
26	48	3
26	48	73
26	48	6
26	48	4
26	48	7
26	48	32
26	48	157
26	48	152
26	48	38
26	48	153
26	77	49
26	48	0
26	48	42
26	66	153
26	48	170
26	66	40
26	66	36
26	48	155
26	3	30
26	45	34
26	48	5
26	48	154
26	3	17
26	48	67
26	48	1
26	8	51
26	48	2
26	38	132
26	38	131
26	48	74
26	66	86
26	48	11
26	45	19
26	8	24
26	66	32
26	48	169
26	48	30
26	77	34
26	66	1
26	43	196
26	43	67
26	43	453
26	43	198
26	43	170
26	43	259
26	43	44
26	43	194
26	66	42
26	17	257
26	48	72
26	66	39
26	48	197
26	48	127
26	66	5
26	3	26
26	48	109
26	48	55
26	48	175
26	17	117
26	48	444
26	48	15
26	48	198
26	66	55
26	48	196
26	17	197
26	77	18
26	45	70
66	4	75
66	5	75
66	5	164
66	4	164
63	15	6
63	89	58
63	89	56
63	89	55
63	89	59
63	89	6
63	89	119
63	89	60
63	15	7
63	15	4
63	89	35
63	15	39
63	19	115
63	15	38
63	15	36
63	4	75
63	17	67
63	17	164
63	5	75
63	89	83
63	8	9
63	17	268
63	8	29
63	15	55
63	5	164
63	4	164
63	8	16
63	15	40
63	17	32
63	15	5
63	15	37
63	8	33
63	15	3
63	8	10
63	8	27
63	89	106
63	15	58
63	15	56
63	68	55
63	15	59
63	68	58
63	68	56
63	95	67
63	68	59
63	68	119
63	15	60
63	8	18
63	68	6
63	17	168
63	68	35
63	15	169
64	4	75
64	5	75
64	5	164
64	4	164
64	68	55
64	68	58
64	68	56
64	95	67
64	68	59
64	68	119
64	68	6
64	68	35
65	4	75
65	5	75
65	5	164
65	4	164
65	68	55
65	68	58
65	68	56
65	95	67
65	68	59
65	68	119
65	68	6
65	68	35
58	22	29
58	101	96
58	101	32
58	22	9
58	32	123
58	101	83
58	76	18
58	22	16
58	32	129
58	22	33
58	101	117
58	32	128
58	101	154
58	76	9
58	22	10
58	101	140
58	76	27
58	76	102
58	22	27
58	76	76
58	76	148
58	101	198
58	22	34
58	76	29
58	76	16
58	76	22
58	101	138
58	22	53
58	22	49
58	76	24
58	32	126
58	76	78
58	101	196
58	76	33
58	76	100
58	101	199
58	76	10
58	76	53
58	22	18
58	22	51
58	76	49
58	76	81
58	101	67
58	101	139
58	22	19
58	25	481
58	25	482
58	32	121
58	22	111
58	32	35
58	32	131
58	32	132
58	61	67
58	4	75
58	22	31
58	5	75
58	83	6
58	83	7
58	83	4
58	22	22
58	83	36
58	22	23
58	101	72
58	22	12
58	5	164
58	76	31
58	4	164
58	124	67
58	22	68
58	83	169
58	83	38
58	76	21
58	22	30
58	22	17
58	76	30
58	143	4
58	143	6
58	143	7
58	143	1
58	76	17
58	83	152
58	143	5
58	83	3
58	143	157
58	143	152
58	143	3
58	83	40
58	143	38
58	101	404
58	143	153
111	17	164
111	17	67
111	17	268
111	19	115
111	17	32
111	8	9
111	8	29
111	17	168
111	8	16
111	17	75
111	6	123
111	8	33
111	8	10
111	6	129
111	6	128
111	8	27
111	17	213
111	8	34
111	6	126
111	8	53
111	8	49
111	38	128
111	8	19
111	38	129
111	38	126
111	3	16
111	3	9
111	3	29
111	17	212
111	38	123
111	17	117
111	8	18
111	17	54
111	8	28
111	8	31
111	6	131
111	6	132
111	48	4
111	48	6
111	48	7
111	48	73
111	48	3
111	48	32
111	48	157
111	48	86
111	48	152
111	48	38
111	48	153
111	8	111
111	48	0
111	48	42
111	8	30
111	48	170
111	8	17
111	48	5
111	3	10
111	48	155
111	48	154
111	3	33
111	48	74
111	48	67
111	48	2
111	48	11
111	6	35
111	17	198
111	66	6
111	43	196
111	43	67
111	43	453
111	43	198
111	43	170
111	43	259
111	43	44
111	43	194
111	66	7
111	17	196
111	66	4
111	8	23
111	48	169
111	6	121
111	48	1
111	48	30
111	21	34
111	21	29
111	48	197
111	48	72
111	8	142
111	48	55
111	8	26
111	43	211
111	48	175
111	66	38
111	21	51
111	48	15
111	66	3
111	48	127
111	3	27
111	3	34
111	85	67
111	48	109
111	48	198
111	8	12
111	48	196
111	66	169
111	48	444
111	66	157
111	8	22
111	66	152
111	8	8
111	48	63
111	8	51
111	48	75
111	21	68
111	19	116
111	17	163
111	17	197
111	85	168
111	85	167
111	85	155
111	85	154
111	85	32
111	85	117
111	85	198
111	85	199
111	85	196
111	85	72
111	85	54
111	85	489
111	48	140
111	38	35
111	66	0
111	48	20
111	48	264
111	17	257
111	66	153
111	21	114
111	48	477
111	8	21
111	48	284
111	48	199
111	48	69
111	66	36
111	3	19
111	8	85
111	17	96
111	66	40
111	66	5
111	21	49
111	21	53
111	66	1
111	24	6
111	24	7
111	24	4
111	38	121
111	66	86
111	3	53
111	102	123
111	3	49
111	3	28
111	21	9
111	38	132
111	38	131
111	66	42
111	102	129
111	102	128
111	66	32
108	19	115
108	8	9
108	8	29
108	8	16
108	8	33
108	8	10
108	17	67
108	17	164
108	17	268
108	6	123
108	8	27
108	6	129
108	17	32
108	6	128
108	8	53
108	8	49
108	17	168
108	8	34
108	8	18
108	6	126
108	17	75
108	8	31
108	8	19
108	8	30
108	8	17
108	3	16
108	3	9
108	3	29
108	8	26
108	38	128
108	8	22
108	3	33
108	3	10
108	38	129
108	6	131
108	6	132
108	38	126
108	8	148
108	17	54
108	8	12
108	38	123
108	8	28
108	3	27
108	17	213
108	8	76
108	8	21
108	8	108
108	17	198
108	66	6
108	6	121
108	66	7
108	17	196
108	66	4
108	3	34
108	3	53
108	8	69
108	6	35
108	3	49
108	8	111
108	66	3
108	66	38
212	20	18
212	20	9
212	20	29
212	20	76
212	20	22
212	20	16
212	20	148
212	20	27
212	2	129
212	20	102
212	2	123
212	20	78
212	2	128
212	20	33
212	20	24
212	20	10
212	20	100
14	8	9
14	17	164
14	17	67
14	8	29
14	8	16
14	17	268
14	17	32
14	8	33
14	19	115
14	8	10
14	17	168
14	17	75
14	8	34
14	6	123
14	8	27
14	6	129
14	6	128
14	8	53
14	8	49
14	8	19
14	38	128
14	17	213
14	6	126
14	8	28
14	3	16
14	3	9
14	3	29
14	38	126
14	38	129
13	19	115
13	8	9
13	8	29
13	8	16
13	17	67
13	8	33
13	17	164
13	8	10
13	6	123
13	17	268
13	6	129
13	6	128
13	17	32
13	8	27
13	8	34
13	8	53
13	8	49
23	17	164
23	17	67
23	19	115
23	17	268
23	8	9
23	8	29
23	17	32
23	8	16
23	6	123
23	8	33
23	17	75
23	17	168
23	6	129
23	8	10
23	6	128
23	8	27
23	8	34
23	6	126
23	8	53
23	8	49
23	17	213
23	38	128
23	38	129
23	38	126
23	8	19
23	38	123
23	3	16
23	3	9
23	3	29
23	8	18
23	8	31
23	6	35
23	17	212
23	6	131
23	6	132
23	3	33
23	3	10
23	6	121
23	8	30
23	8	17
23	17	54
23	8	28
23	48	6
23	48	4
23	48	7
23	48	3
23	48	73
23	48	32
23	3	27
23	48	157
23	48	86
23	48	152
23	48	38
23	48	153
23	3	34
23	48	0
23	8	26
23	8	23
23	48	42
23	48	170
23	8	111
23	48	5
23	48	154
23	48	2
23	8	8
23	48	155
23	48	74
23	48	11
23	17	198
23	48	169
23	38	35
23	17	196
23	48	67
23	17	117
23	8	12
23	43	196
23	43	67
23	43	453
23	43	198
23	43	170
23	43	259
23	43	44
23	43	194
23	66	6
23	66	7
23	48	30
23	66	4
23	48	1
23	48	72
23	48	197
23	48	55
23	48	175
23	85	67
23	3	53
23	43	211
23	3	49
23	48	15
23	66	38
23	17	96
23	17	163
23	48	109
23	66	3
23	48	127
23	38	121
23	48	198
23	17	257
23	8	21
23	8	22
23	48	196
23	3	19
23	66	169
23	85	168
23	85	167
23	85	155
23	85	154
23	85	32
23	85	117
23	85	198
23	85	199
23	85	196
23	85	72
23	85	54
23	85	489
23	48	444
23	102	123
23	17	197
23	66	157
23	48	140
23	66	152
23	19	116
23	102	129
23	48	75
23	102	128
23	38	132
23	38	131
23	48	63
23	66	0
23	8	51
23	48	264
23	48	20
23	66	153
23	48	477
23	48	284
23	48	199
23	48	69
23	66	36
23	66	40
23	8	142
23	24	6
23	24	7
23	24	4
23	3	18
23	66	5
23	66	1
23	38	161
19	8	9
19	8	29
19	8	16
19	19	115
19	8	33
19	8	10
19	17	164
19	17	67
19	6	123
19	17	268
19	6	129
19	6	128
19	8	27
19	17	32
19	8	34
19	17	168
19	8	53
19	8	49
19	17	75
19	6	126
19	8	19
19	38	128
19	8	18
19	3	16
19	3	9
19	38	129
19	3	29
19	38	126
19	8	31
19	17	213
19	38	123
19	8	30
19	8	17
19	6	131
19	6	132
19	3	33
19	3	10
19	8	26
19	6	121
19	8	28
19	3	27
19	6	35
19	8	23
19	3	34
19	8	111
19	8	12
19	8	8
19	17	54
19	48	73
19	48	6
19	48	4
19	48	7
19	48	3
19	48	32
19	48	157
19	48	86
19	48	38
19	48	152
19	48	153
19	8	22
19	48	0
19	66	6
19	66	7
19	48	42
19	3	53
19	66	4
19	3	49
19	48	170
19	8	21
19	48	5
19	48	154
19	48	155
19	48	2
19	48	74
19	17	212
19	17	198
19	48	11
19	48	67
19	17	196
19	48	169
19	43	196
19	43	67
19	43	453
19	43	198
19	43	170
19	43	259
19	43	44
19	43	194
19	48	30
19	66	38
19	48	1
19	66	3
19	3	19
19	48	72
19	38	35
19	48	197
19	48	55
19	8	51
19	48	175
19	17	117
19	66	169
19	48	15
19	66	157
19	85	67
19	48	127
19	8	108
19	66	152
19	17	163
19	48	109
19	38	121
19	48	198
19	38	132
19	38	131
19	43	211
19	3	18
19	48	196
19	48	444
19	19	116
19	66	0
19	17	257
19	48	140
19	48	75
19	48	63
19	8	142
19	8	148
19	66	153
19	8	69
19	66	36
19	85	168
19	85	167
19	85	155
19	85	154
19	85	32
19	85	117
19	85	198
19	85	199
19	85	196
19	85	72
19	85	54
19	85	489
19	48	20
19	48	264
19	17	197
19	3	31
19	66	40
19	48	477
19	66	1
19	48	284
19	48	199
19	48	69
19	66	5
19	66	86
19	3	30
19	8	11
19	8	70
19	3	17
19	66	32
19	8	85
19	66	42
19	24	6
19	24	7
19	24	4
19	8	76
19	8	14
19	3	28
19	66	39
19	66	55
19	3	26
19	45	31
19	45	29
19	38	161
19	45	33
19	45	9
19	3	23
19	45	10
19	6	161
19	45	30
19	45	17
19	24	38
19	24	169
19	24	36
19	45	27
19	66	30
19	3	111
19	102	123
19	66	17
19	45	16
19	24	40
19	66	37
19	77	29
19	77	31
19	102	129
19	24	3
19	102	128
19	3	12
19	77	33
19	77	10
19	17	96
19	77	9
19	45	26
19	3	22
19	45	53
19	45	49
19	77	30
19	77	17
19	24	152
19	3	8
19	8	24
19	8	114
19	77	27
19	24	157
19	77	16
19	24	86
28	8	9
28	8	29
28	8	16
28	17	164
28	17	67
28	19	115
28	8	33
28	8	10
28	17	268
28	17	32
28	8	27
28	17	168
28	8	34
28	17	75
28	6	123
28	6	129
28	6	128
28	8	19
28	8	53
28	8	49
28	8	28
28	3	16
28	3	9
28	3	29
28	38	128
28	38	126
28	38	129
28	8	18
28	6	126
28	8	31
28	8	111
28	8	142
28	17	213
28	8	30
28	8	17
28	3	10
28	3	33
28	8	23
28	38	123
28	3	34
28	8	26
28	6	131
28	6	132
28	3	27
28	8	12
28	8	85
28	3	28
28	8	51
28	3	19
28	8	8
28	8	22
28	8	108
28	6	121
28	6	35
28	8	21
28	17	212
28	17	54
28	8	14
28	3	53
28	3	49
28	66	6
28	66	7
28	66	4
28	48	3
28	48	73
28	48	6
28	48	4
28	48	7
28	48	32
28	48	86
28	48	38
28	48	157
28	48	152
28	48	153
28	17	117
28	48	0
28	48	42
28	3	142
28	48	170
28	48	155
28	48	67
28	48	5
28	48	154
28	43	196
28	43	67
28	43	453
28	43	198
28	43	170
28	43	259
28	43	44
28	43	194
28	48	2
28	48	74
28	48	1
28	48	11
28	3	111
28	48	30
28	48	169
28	17	198
28	66	38
28	48	197
28	48	72
28	17	196
28	66	3
28	48	127
28	48	55
28	19	116
28	8	11
28	48	175
28	48	15
28	48	198
28	48	109
28	48	444
28	48	196
114	17	164
114	17	67
114	17	268
114	17	32
114	19	115
114	17	168
114	17	75
114	8	9
114	8	16
114	8	29
114	17	213
114	21	34
114	21	29
114	21	51
114	17	117
114	21	68
114	8	33
114	6	123
114	8	10
114	6	128
114	17	54
114	21	114
114	6	129
114	38	128
114	8	27
114	17	212
114	38	129
114	38	126
114	48	3
114	48	73
114	48	6
114	48	4
114	48	7
114	48	32
114	21	49
114	48	157
114	21	53
114	48	86
114	48	152
114	48	38
114	21	117
114	48	153
114	38	123
114	48	0
114	48	42
114	48	170
114	8	34
114	8	19
114	48	5
114	48	154
114	21	32
114	48	155
114	48	74
114	48	11
12	8	9
12	19	115
12	8	29
12	6	123
12	8	16
12	8	33
12	8	10
12	6	129
12	6	128
12	17	67
12	17	164
12	17	268
12	8	27
12	17	32
12	8	53
12	8	34
12	8	49
12	6	126
12	17	168
12	8	18
12	17	75
12	8	19
12	3	16
12	3	9
12	3	29
12	8	31
12	8	30
12	6	35
12	8	17
12	6	131
12	6	132
12	6	121
12	3	33
12	38	128
12	3	10
12	17	54
12	8	26
12	38	129
12	8	12
12	38	126
12	3	27
12	8	22
12	38	123
12	17	198
12	17	196
12	66	6
12	66	7
12	17	213
12	66	4
12	8	8
12	3	53
12	3	49
12	3	34
12	8	21
12	66	38
12	66	3
12	8	28
12	8	23
12	48	6
12	48	4
12	48	7
12	48	3
12	48	73
12	48	32
12	48	157
12	48	86
12	48	38
12	48	152
12	48	153
12	8	148
12	48	0
12	48	42
12	48	170
12	66	169
12	48	155
12	17	163
12	48	67
12	48	154
12	48	5
12	66	157
12	3	18
12	48	2
12	48	1
12	17	117
12	48	74
12	8	111
12	48	11
12	66	152
12	48	169
12	48	30
12	43	196
12	43	67
12	43	453
12	43	198
12	43	170
12	43	259
12	43	44
12	43	194
12	48	197
12	48	72
12	17	257
12	66	36
12	66	0
12	8	76
12	8	108
12	48	55
12	85	67
12	48	175
12	66	40
12	48	127
12	8	51
12	48	15
12	66	153
12	48	109
12	8	69
12	48	198
12	48	196
12	48	444
12	17	197
12	48	63
12	66	86
12	45	31
12	45	29
12	48	75
12	66	5
12	3	19
12	45	33
12	66	39
12	45	9
12	48	20
12	66	1
12	45	10
12	48	140
12	45	30
12	85	168
12	85	167
12	85	155
12	85	154
12	85	32
12	85	117
12	85	198
12	85	199
12	85	196
12	85	72
12	85	54
12	85	489
12	45	17
12	17	212
12	48	264
12	66	42
12	66	32
12	48	477
12	3	31
12	48	284
12	48	199
12	48	69
12	45	16
12	3	12
12	45	27
12	8	70
12	38	35
12	8	24
12	66	55
12	6	161
115	7	128
115	7	126
115	7	129
115	7	123
115	47	16
115	47	9
115	7	35
115	47	29
115	7	121
115	47	27
115	47	33
115	7	161
115	47	10
115	7	132
115	7	131
115	47	53
115	47	49
115	47	18
115	47	34
115	7	125
115	10	189
115	10	229
115	47	19
115	7	124
115	47	51
115	47	22
115	47	31
115	7	122
115	47	23
115	47	111
115	47	30
115	47	12
115	47	76
115	47	17
115	47	148
115	47	26
115	47	102
115	47	78
115	47	21
115	7	190
115	47	28
115	47	100
115	47	81
115	47	24
115	47	8
115	47	68
115	47	161
115	47	117
115	10	161
115	47	69
115	47	108
115	7	231
115	47	11
115	47	114
115	7	270
115	7	176
115	7	230
115	7	204
115	47	70
115	7	192
115	47	75
115	47	142
115	47	54
141	17	67
141	17	164
141	17	268
141	6	123
141	6	129
141	6	128
141	17	32
141	17	168
141	19	115
141	8	9
141	8	29
141	8	16
141	8	33
141	17	75
141	8	10
141	6	126
141	8	27
141	8	34
75	13	7
75	13	4
75	13	6
75	13	32
75	13	3
75	13	86
75	13	73
75	13	74
75	13	157
75	13	152
75	13	5
75	89	55
75	89	56
75	89	58
75	13	38
75	89	59
75	89	6
75	13	11
75	17	164
75	17	67
75	19	115
75	89	119
75	13	169
75	89	60
75	13	154
75	13	0
75	13	153
75	17	268
75	13	117
75	8	9
75	13	2
75	89	35
75	8	29
75	8	16
75	17	32
75	75	99
75	13	170
75	75	98
75	130	65
75	130	66
75	13	1
75	8	33
75	17	168
75	15	6
75	8	10
75	13	42
75	6	123
75	130	63
75	130	64
75	8	27
75	6	129
75	6	128
75	7	128
75	7	123
75	89	83
75	13	30
75	17	75
75	130	58
75	13	55
75	9	99
75	7	126
75	7	129
75	13	17
75	9	98
75	8	53
75	8	49
75	8	34
75	6	126
75	8	18
75	42	18
75	13	127
75	42	22
75	42	29
75	38	128
75	3	16
75	3	9
75	42	76
75	3	29
96	42	18
96	42	29
96	42	22
96	42	76
96	42	78
96	42	33
96	42	148
96	42	9
96	42	27
99	75	99
99	75	98
99	9	99
99	9	98
99	42	18
99	42	22
99	42	29
99	42	76
99	75	198
99	42	148
99	42	33
99	42	78
99	42	27
99	42	9
99	42	10
99	42	100
99	42	16
99	75	54
99	75	196
99	92	18
99	92	282
99	9	198
99	92	102
99	42	102
99	42	53
99	75	117
99	42	49
99	42	81
99	92	27
99	75	75
99	92	24
99	92	9
99	9	196
99	42	24
99	9	54
99	9	117
99	92	16
99	75	200
99	42	150
99	92	100
99	9	75
99	92	148
99	92	76
99	42	31
99	42	30
99	42	17
99	9	200
98	75	99
98	75	98
98	9	99
98	9	98
98	42	18
98	42	22
98	42	29
98	42	76
98	75	198
98	42	148
98	42	33
98	42	78
98	42	27
98	42	9
98	42	10
98	42	100
98	42	16
98	75	54
98	75	196
98	42	102
98	92	18
98	92	282
98	9	198
98	42	53
98	92	102
98	42	49
98	42	81
98	75	117
98	75	75
98	92	27
98	42	24
98	92	24
98	9	196
98	92	9
98	9	54
98	9	117
98	92	16
98	42	150
98	75	200
98	9	75
98	92	100
98	42	31
98	92	148
98	42	30
98	92	76
98	42	17
183	13	6
183	13	4
183	13	7
183	13	32
183	13	3
183	13	86
183	13	157
183	13	73
183	13	74
183	13	152
183	13	5
183	13	38
183	13	11
183	13	169
183	13	0
183	13	153
183	13	154
183	13	2
183	13	117
183	13	170
183	13	1
183	13	42
183	13	30
183	13	17
183	13	55
183	13	127
123	13	6
123	13	4
123	13	7
123	13	32
123	13	3
123	13	86
123	13	73
123	13	157
123	13	74
123	13	152
123	13	5
123	13	38
123	13	11
123	13	169
123	13	154
123	13	0
123	13	153
123	13	2
123	13	117
123	13	170
123	13	1
123	13	42
123	13	30
123	13	55
123	31	138
123	13	17
123	13	127
123	26	164
123	26	213
123	31	32
123	13	155
123	13	67
123	13	175
123	31	72
123	31	212
123	13	109
123	26	67
123	13	198
123	26	75
123	13	196
123	13	15
123	31	198
123	31	196
123	13	75
123	13	72
123	30	115
123	31	67
123	31	288
123	14	69
123	14	271
123	14	272
123	13	264
123	13	227
123	14	96
123	26	32
123	28	6
123	28	4
123	28	7
123	28	32
123	28	3
123	28	73
123	28	157
123	28	86
123	28	152
123	28	74
123	28	153
123	28	38
123	28	11
123	28	0
123	28	170
123	28	42
123	14	32
123	12	16
123	12	9
123	13	201
123	28	30
123	13	444
123	12	29
123	28	155
123	28	1
123	13	197
123	28	5
123	28	55
123	28	154
123	28	175
123	31	117
123	28	2
123	28	127
123	28	67
123	28	169
123	26	212
123	28	198
123	31	96
123	28	196
123	28	109
123	14	15
123	12	33
123	13	185
123	28	197
123	14	140
123	14	133
123	12	27
123	28	63
123	14	83
123	14	198
123	14	196
123	14	154
123	14	308
123	14	200
123	86	58
123	86	107
123	28	75
123	13	477
123	86	87
123	86	55
123	13	63
123	12	10
123	31	75
123	11	396
123	13	20
123	28	72
123	11	200
123	11	117
123	13	140
123	28	444
123	28	15
123	11	323
123	11	364
123	11	194
123	11	193
123	28	264
123	11	288
123	11	252
123	11	75
123	11	501
123	11	502
123	11	221
123	11	503
123	13	156
123	28	20
123	86	9
123	28	140
123	12	34
123	28	477
123	28	199
123	28	69
123	28	284
123	84	29
123	84	19
123	84	9
123	86	16
123	13	199
123	12	19
123	12	53
123	12	49
123	13	69
123	13	284
123	84	16
123	13	215
123	31	140
123	116	81
123	116	18
123	116	29
123	116	76
123	116	9
123	116	22
123	26	80
123	26	29
123	12	18
123	106	0
123	106	6
123	116	16
123	106	4
123	106	7
123	31	54
123	26	194
123	28	17
123	106	3
123	12	23
123	12	31
123	84	27
123	106	38
123	106	169
123	84	33
123	13	54
123	106	157
123	106	152
123	26	303
123	116	100
123	106	36
123	31	199
123	12	30
123	106	153
123	28	117
123	106	86
123	12	111
123	12	17
123	109	29
123	86	305
123	109	111
123	84	28
123	106	40
123	109	9
123	106	1
123	13	195
123	84	23
123	109	16
123	106	42
123	106	32
123	136	19
123	136	29
123	106	5
123	116	77
123	31	195
123	109	19
123	84	111
123	116	27
123	106	55
126	13	6
126	13	4
126	13	7
126	13	32
126	13	3
126	13	86
126	13	73
126	13	157
126	13	74
126	13	152
126	13	5
126	13	38
126	13	11
126	13	169
126	13	154
126	13	0
126	13	153
126	13	2
126	13	117
126	13	170
126	13	1
126	13	42
126	13	30
126	31	138
126	13	55
126	13	17
126	13	127
126	31	32
126	26	164
126	26	213
126	13	67
126	13	155
126	13	175
126	31	72
126	30	115
126	13	109
126	31	212
126	12	16
126	12	9
126	26	67
126	13	198
126	12	29
126	13	15
126	13	196
126	26	75
126	31	198
126	31	196
126	12	33
126	13	75
126	14	69
126	14	271
126	13	72
126	14	272
126	31	67
126	12	27
126	12	10
126	13	264
126	14	96
126	31	288
126	28	3
126	28	73
126	28	6
126	28	4
126	28	7
126	28	32
126	28	86
126	28	157
126	28	152
126	28	74
126	28	38
126	13	227
126	28	153
126	28	11
126	28	0
126	26	32
126	28	170
126	28	42
126	14	32
126	12	34
126	28	30
126	28	155
126	28	1
126	13	201
126	13	444
126	28	5
126	28	55
126	13	197
126	12	19
126	28	154
126	28	175
126	12	53
126	12	49
126	28	127
126	28	2
126	28	67
126	28	169
126	31	117
126	28	198
126	28	196
126	26	212
126	31	96
126	28	109
126	14	15
126	14	140
126	14	133
126	28	197
126	12	18
126	28	63
126	14	198
126	14	196
126	14	83
126	13	185
126	14	308
126	14	154
126	14	200
126	28	75
126	13	477
126	13	63
126	28	72
126	13	20
126	1	29
126	1	10
126	86	58
126	86	107
126	11	396
126	1	33
126	28	15
126	86	87
126	12	31
126	11	200
126	28	444
126	86	55
126	13	140
126	12	23
126	11	117
126	28	264
126	11	364
126	11	194
126	11	193
126	11	323
126	31	75
126	1	9
126	11	288
126	11	252
126	11	75
126	11	501
126	11	502
126	11	221
126	11	503
126	28	20
126	28	140
126	12	111
126	28	477
126	28	69
126	28	284
126	28	199
126	86	9
126	13	156
126	12	30
126	13	199
126	84	29
126	84	19
126	84	9
126	12	17
126	1	34
126	86	16
126	12	28
126	13	69
126	1	16
126	84	16
126	13	284
126	13	215
126	116	81
126	116	18
126	1	27
126	116	29
126	116	76
126	116	9
126	116	22
126	12	12
126	12	26
126	1	53
126	31	140
126	1	49
126	12	51
126	116	16
126	106	0
126	106	6
126	26	80
126	26	29
126	106	4
126	106	7
126	12	22
126	28	17
126	31	54
129	13	6
129	13	4
129	13	7
129	13	32
129	13	3
129	13	86
129	13	73
129	13	157
129	13	74
129	13	152
129	13	5
129	13	38
129	13	11
129	13	169
129	13	154
129	13	0
129	13	153
129	13	2
129	13	117
129	13	170
129	13	1
129	13	42
129	31	138
129	13	30
129	13	55
129	26	164
129	26	213
129	31	32
129	13	17
129	13	127
129	31	72
129	13	155
129	31	212
129	13	67
129	13	175
129	26	67
129	13	109
129	26	75
129	13	198
129	13	196
129	13	15
129	30	115
129	31	198
129	31	196
129	31	67
129	12	16
129	12	9
129	14	69
129	14	271
129	13	75
129	31	288
129	14	272
129	12	29
129	13	72
129	14	96
129	26	32
129	13	264
129	28	6
129	28	4
129	28	7
129	28	32
129	28	3
129	28	73
129	28	157
129	28	86
129	28	152
129	28	74
129	28	153
129	28	38
129	28	11
129	28	0
129	28	42
129	28	170
129	14	32
129	28	30
129	28	155
129	13	227
129	12	33
129	28	1
129	28	55
129	28	5
129	28	154
129	28	175
129	31	117
129	12	27
129	28	2
129	13	444
129	28	127
129	28	67
129	28	169
129	12	10
129	13	201
129	13	197
129	26	212
129	28	198
129	28	196
129	31	96
129	28	109
129	14	15
129	14	140
129	28	197
129	14	133
129	28	63
129	12	34
129	14	83
129	14	198
129	14	196
129	86	58
129	14	154
129	14	308
129	86	107
129	14	200
129	86	87
129	28	75
129	86	55
129	31	75
129	11	396
129	13	477
129	11	200
129	28	72
129	11	117
129	13	63
129	12	19
129	28	444
129	12	53
129	12	49
129	28	15
129	11	323
129	11	364
129	11	194
129	11	193
129	13	20
129	28	264
129	13	185
129	11	288
129	11	252
129	11	75
129	11	501
129	11	502
129	11	221
129	11	503
129	86	9
129	13	140
129	28	20
129	28	140
129	28	477
129	28	199
129	28	69
129	28	284
129	86	16
129	84	29
129	84	19
129	84	9
129	13	199
129	12	18
129	13	156
129	84	16
129	13	69
129	13	284
129	31	140
129	116	81
129	116	18
129	116	76
129	116	29
129	116	9
129	116	22
129	12	31
129	12	23
129	26	80
129	26	29
129	106	0
129	106	6
129	116	16
129	106	4
129	106	7
129	13	215
129	31	54
129	26	194
129	12	30
129	12	111
129	106	3
129	106	38
129	28	17
129	1	10
129	1	29
129	1	33
129	12	17
129	106	169
129	84	27
129	106	157
129	106	152
129	84	33
129	26	303
129	1	9
129	12	28
129	106	36
129	116	100
129	106	153
129	106	86
129	28	117
129	31	199
129	1	34
129	106	40
129	86	305
129	12	26
129	106	1
129	84	28
129	109	29
129	109	111
129	12	12
129	109	9
129	12	51
129	13	54
129	106	32
129	109	16
129	106	42
129	84	23
129	106	5
122	13	6
122	13	4
122	13	7
122	13	32
122	13	3
122	13	86
122	13	152
122	13	157
122	13	73
122	13	74
122	13	38
122	13	5
122	13	11
122	13	153
122	13	169
122	13	154
122	13	0
122	13	2
122	13	117
122	13	170
122	13	1
122	13	42
122	13	30
122	31	138
122	13	55
122	13	17
122	31	32
122	13	127
122	13	155
122	13	67
122	13	175
122	13	109
122	30	115
121	13	6
121	13	4
121	13	7
121	13	32
121	13	3
121	13	86
121	13	73
121	13	157
121	13	74
121	13	152
121	13	5
121	13	38
121	13	11
121	13	169
121	13	154
121	13	0
121	13	153
121	13	2
121	13	117
121	13	170
121	13	1
121	13	42
121	31	138
121	13	30
121	13	55
121	26	164
121	26	213
121	13	17
121	31	32
121	13	127
121	13	67
121	13	175
121	13	155
121	31	72
121	31	212
121	13	109
121	26	67
121	13	198
121	26	75
121	13	15
121	13	196
121	31	198
121	31	196
121	30	115
121	13	75
121	13	72
121	14	69
121	14	271
121	14	272
121	13	264
121	31	67
121	31	288
121	14	96
121	26	32
121	12	9
121	12	16
121	28	4
121	28	73
121	28	157
121	28	3
121	28	7
121	28	32
121	28	6
121	28	86
121	28	152
121	28	74
121	28	11
121	28	153
121	28	38
121	28	0
121	28	42
121	13	227
121	28	170
121	12	29
121	14	32
121	28	30
121	28	1
121	28	155
121	28	55
121	13	444
121	28	175
121	13	201
121	13	197
121	28	127
121	28	5
121	28	67
121	28	154
121	28	198
121	28	2
121	28	196
121	28	169
121	26	212
121	12	33
121	31	117
121	28	197
121	31	96
121	28	63
121	14	15
121	28	109
121	14	140
121	12	27
121	14	133
121	14	83
121	14	198
121	12	10
121	14	196
121	14	308
121	14	154
121	14	200
121	13	185
121	31	75
121	28	75
121	13	477
121	86	58
121	86	107
121	13	63
121	86	87
121	13	20
121	86	55
121	11	396
121	13	140
131	13	4
131	13	7
131	13	6
131	13	3
131	13	32
131	26	164
131	13	86
131	26	213
131	13	73
131	13	157
131	13	74
131	13	5
131	13	152
131	13	38
131	13	11
131	13	169
131	13	154
131	31	138
131	13	0
131	13	153
131	13	2
131	26	67
131	26	75
131	13	117
131	31	32
131	13	170
131	13	1
131	31	72
131	13	42
131	31	212
131	13	30
131	13	55
131	26	32
131	13	127
131	13	175
131	13	155
131	13	67
131	31	198
131	13	17
131	31	196
131	31	67
131	13	109
131	31	288
131	14	271
131	14	69
131	14	272
131	26	212
131	13	198
131	30	115
131	14	96
131	13	196
131	28	86
131	28	3
131	28	73
131	28	6
131	28	4
131	28	7
131	28	32
131	28	157
131	28	152
131	28	74
131	28	11
131	13	15
131	28	38
131	28	153
131	28	0
131	12	16
131	12	9
131	28	170
131	28	42
131	28	30
131	12	29
131	14	32
131	28	155
131	28	1
131	28	55
131	28	5
131	28	175
131	28	154
131	28	2
131	13	75
131	28	169
131	28	127
131	13	264
131	31	117
131	13	72
131	28	67
131	12	33
131	12	27
131	86	58
131	86	107
131	86	87
131	86	55
131	28	198
131	31	96
131	28	196
131	28	109
131	12	10
132	13	4
132	13	7
132	13	6
132	13	3
132	13	32
132	26	164
132	13	86
132	26	213
132	13	73
132	13	157
132	13	74
132	13	5
132	13	152
132	13	38
132	13	11
132	13	169
132	13	154
132	31	138
132	13	0
132	13	153
132	13	2
132	26	67
132	26	75
132	13	117
132	31	32
132	13	170
132	13	1
132	31	72
132	13	42
132	31	212
132	13	30
132	13	55
132	26	32
132	13	127
132	13	175
132	13	155
132	13	67
132	31	198
132	13	17
132	31	196
132	31	67
132	13	109
132	31	288
132	14	271
132	14	69
132	14	272
132	26	212
132	13	198
132	30	115
132	14	96
132	13	196
132	28	86
132	28	3
132	28	73
132	28	6
132	28	4
132	28	7
132	28	32
132	28	157
132	28	152
132	28	74
132	28	11
132	13	15
132	28	38
132	28	153
132	28	0
132	12	16
132	12	9
132	28	170
132	28	42
132	28	30
132	12	29
132	14	32
132	28	155
132	28	1
132	28	55
132	28	5
132	28	175
132	28	154
132	28	2
132	13	75
132	28	169
132	28	127
132	13	264
132	31	117
132	13	72
132	28	67
132	12	33
132	12	27
132	86	58
132	86	107
132	86	87
132	86	55
132	28	198
132	31	96
132	28	196
132	28	109
132	12	10
124	13	7
124	13	6
124	13	4
124	13	32
124	13	3
124	13	73
124	13	86
124	13	157
124	13	152
124	13	74
124	13	38
124	13	5
124	13	11
124	13	153
124	13	169
124	13	154
124	13	0
124	13	2
124	13	170
124	13	117
124	13	1
124	13	42
124	30	115
124	31	138
124	13	30
124	13	55
124	31	32
124	13	17
124	13	127
124	13	67
124	13	155
124	13	175
8	8	9
8	8	29
8	8	10
8	8	33
8	8	16
8	6	123
8	6	128
8	6	129
8	8	34
8	8	27
8	8	53
8	8	49
8	19	115
8	6	126
8	3	16
8	3	9
8	3	29
8	8	18
8	8	8
8	3	10
8	3	33
8	6	121
8	8	31
8	8	19
8	6	35
8	6	131
8	6	132
8	8	30
8	3	34
8	8	17
8	17	67
8	17	164
8	17	268
8	38	128
8	3	27
8	8	26
8	38	129
8	38	126
8	17	32
8	3	53
8	3	49
8	8	12
8	17	168
8	17	75
8	38	123
8	8	23
8	8	21
8	3	8
8	8	22
8	8	111
8	8	28
8	6	161
8	17	54
8	3	18
8	3	31
8	66	6
8	66	7
8	48	3
8	48	73
8	48	6
8	48	4
8	48	7
8	48	32
8	66	4
8	48	86
8	48	152
8	48	38
8	48	153
8	48	157
8	48	42
8	48	0
8	17	198
8	17	196
8	48	170
8	3	19
8	48	155
8	17	257
8	48	67
8	48	1
284	15	6
477	15	6
140	29	6
140	29	7
140	29	3
140	29	4
140	29	73
140	29	32
140	29	86
140	15	6
140	29	74
140	29	5
140	29	157
140	29	117
140	29	152
140	29	154
140	29	38
140	29	11
140	29	169
140	29	2
170	15	6
170	15	7
170	15	4
170	15	36
170	15	55
170	15	5
170	15	38
170	15	169
170	15	3
170	15	1
170	69	189
170	15	58
170	15	56
170	69	32
170	15	60
38	15	6
38	15	7
38	15	4
38	15	36
38	15	38
38	15	55
38	15	5
38	15	40
38	15	169
38	58	6
38	15	3
38	15	39
38	58	7
38	58	4
38	58	5
38	15	58
38	15	56
38	15	60
38	15	59
38	15	1
38	58	38
38	15	152
38	58	1
38	15	119
38	15	37
38	15	157
38	15	86
38	69	189
38	15	41
38	15	35
38	69	32
38	58	3
38	58	32
38	58	157
38	15	0
38	58	39
38	15	153
38	58	187
38	58	188
38	15	117
38	120	104
38	120	15
38	120	106
38	120	58
38	120	55
38	120	117
38	120	311
38	120	267
199	15	6
127	15	6
127	15	7
127	15	4
127	15	36
264	15	6
444	15	6
444	15	7
444	15	4
197	15	6
197	15	7
197	15	4
197	15	36
197	15	55
198	75	99
198	75	98
198	15	6
198	42	18
198	42	29
198	42	22
198	42	76
198	9	99
198	42	78
198	42	33
198	42	148
198	42	9
198	42	27
198	9	98
198	42	10
198	29	6
198	29	7
198	29	3
198	29	4
198	29	73
198	29	32
198	15	7
198	29	86
198	29	74
198	15	4
198	42	100
198	42	16
198	29	5
198	29	157
198	42	102
198	42	53
198	42	49
198	92	18
198	92	282
198	29	152
198	42	81
198	29	117
198	20	18
198	92	102
198	29	154
198	29	38
198	2	129
198	42	24
198	75	198
198	29	11
198	92	27
198	2	128
198	29	169
198	20	9
198	20	76
198	92	24
198	92	9
198	20	29
198	20	27
198	20	148
198	20	22
198	29	2
198	20	102
198	2	123
198	20	16
198	29	0
198	15	38
198	20	78
198	137	180
198	29	153
198	2	126
198	75	54
198	15	36
198	137	179
198	15	5
198	15	55
198	9	198
198	75	196
198	92	16
198	42	150
20	15	6
20	15	7
20	15	4
20	15	39
20	15	38
20	15	55
15	15	6
15	15	7
15	15	4
0	15	6
0	15	7
0	15	4
0	15	36
0	15	55
0	15	38
0	15	5
0	15	58
0	15	56
0	15	169
0	15	60
0	15	59
0	15	1
0	15	40
0	15	3
0	15	39
0	15	119
0	69	189
0	15	152
0	69	32
0	15	35
0	15	157
0	15	41
0	15	37
0	15	86
175	15	6
175	15	7
175	15	4
175	15	55
175	15	36
175	15	38
175	15	5
175	15	58
175	15	56
175	15	39
175	15	60
175	15	59
175	15	3
175	15	40
42	15	6
42	15	7
42	15	4
42	15	36
42	15	38
42	15	55
42	15	5
42	15	3
42	15	169
42	15	58
42	15	1
42	15	39
42	15	56
42	15	40
42	15	60
42	15	59
42	15	119
42	15	152
42	15	157
42	15	37
42	15	35
42	15	41
42	15	86
109	15	6
109	15	7
109	15	4
109	15	38
109	15	55
109	15	36
109	15	5
109	17	67
109	17	164
109	17	268
109	15	39
109	17	32
109	15	3
109	15	58
109	15	56
109	15	40
109	15	60
109	15	59
109	15	169
109	15	1
196	15	6
196	75	99
196	75	98
196	42	18
196	42	29
196	42	22
196	42	76
196	29	6
196	29	7
196	29	3
196	29	4
196	29	73
196	29	32
196	29	86
196	29	74
196	29	5
196	29	157
196	9	99
196	42	33
196	15	7
196	42	148
196	42	78
196	42	9
196	15	4
196	42	27
196	9	98
196	42	10
196	29	152
196	42	16
196	29	117
196	42	100
196	29	154
196	29	38
196	2	129
196	42	102
196	20	18
196	29	11
196	42	53
196	29	169
196	2	128
196	42	49
196	92	18
196	92	282
196	42	81
196	92	102
196	29	2
196	20	9
196	20	76
196	42	24
196	2	123
196	20	29
196	29	0
196	15	38
196	137	180
196	20	22
196	29	153
196	20	148
196	92	27
196	137	179
196	2	126
196	20	27
196	75	198
196	15	55
196	20	16
196	20	102
196	92	24
196	15	36
196	92	9
55	22	29
55	101	96
55	101	32
55	15	6
55	22	9
55	32	123
55	101	83
55	76	18
55	22	16
55	32	129
55	22	33
55	101	117
55	32	128
55	101	154
55	76	9
55	22	10
55	101	140
55	76	27
55	76	102
55	22	27
55	76	76
55	76	148
55	101	198
55	22	34
55	76	29
55	76	16
55	76	22
55	101	138
55	22	53
55	22	49
55	76	24
55	32	126
55	15	7
55	15	4
55	76	78
55	101	196
55	76	33
55	76	100
55	101	199
55	76	10
55	76	53
55	22	18
55	22	51
55	76	49
55	25	481
55	25	482
55	76	81
55	101	67
55	101	139
55	15	38
55	15	55
55	15	36
55	22	19
55	32	121
55	22	111
55	15	5
55	32	35
55	15	39
55	32	131
55	32	132
55	61	67
55	15	58
55	15	40
55	22	31
55	15	56
55	15	3
55	15	60
55	15	59
55	83	6
55	83	7
55	83	4
55	22	22
55	83	36
55	22	23
55	101	72
55	22	12
55	15	169
55	76	31
55	124	67
55	22	68
55	15	1
55	83	169
55	83	38
55	76	21
55	22	30
55	22	17
55	15	119
55	76	30
55	143	4
55	143	6
55	143	7
55	76	17
55	143	1
55	83	152
55	143	5
55	143	157
55	83	3
55	143	152
55	143	3
55	15	37
55	101	404
55	143	38
55	83	40
55	143	153
72	15	6
72	20	18
72	2	129
72	15	7
72	15	4
72	29	6
72	29	7
72	29	4
72	29	3
72	29	73
72	29	32
72	20	9
72	20	76
72	2	128
72	29	86
72	29	74
72	29	5
72	20	29
72	29	157
72	20	22
72	20	16
72	20	148
72	20	27
72	2	123
72	20	102
72	20	78
72	19	115
72	29	117
72	2	126
72	29	152
72	20	33
72	15	55
72	29	154
72	29	38
72	20	24
72	20	10
69	19	115
69	8	9
69	8	29
69	8	16
69	17	67
69	17	164
69	15	6
69	8	33
69	17	268
69	8	10
69	89	58
69	89	56
69	89	55
69	89	59
69	6	123
69	89	6
69	17	32
69	8	27
69	89	119
69	6	128
69	6	129
69	89	60
69	89	35
69	8	18
69	8	53
69	8	49
69	17	168
69	15	7
69	15	4
69	8	34
69	6	126
69	8	31
69	15	39
69	17	75
69	8	30
69	8	17
69	8	19
69	15	38
69	8	26
69	17	54
69	8	22
69	89	83
69	3	16
69	3	9
69	3	29
69	38	128
69	8	148
69	15	36
69	66	6
69	66	7
69	15	55
69	66	4
69	15	40
69	6	131
69	6	132
69	15	37
69	38	129
69	3	33
69	8	12
69	17	198
69	3	10
69	17	196
69	38	123
69	38	126
69	8	76
69	66	38
69	89	106
69	66	3
69	15	3
69	17	117
69	6	121
69	3	27
69	15	5
69	66	169
69	15	58
69	8	21
69	15	56
69	66	157
69	15	59
69	66	152
69	15	60
69	8	108
155	15	6
155	15	7
155	15	4
155	15	36
155	15	38
155	15	55
155	15	5
155	15	3
155	15	40
155	15	169
155	15	39
155	15	1
155	15	58
155	15	56
155	15	60
155	15	59
155	15	152
67	29	6
67	29	7
67	29	3
67	29	4
67	29	73
67	29	32
67	29	86
67	29	74
67	71	29
67	29	5
67	29	157
67	15	6
67	71	9
67	71	33
67	29	152
67	71	16
67	29	38
67	29	154
67	71	10
67	29	117
67	71	27
67	29	11
67	29	169
67	71	53
67	71	49
67	71	34
67	29	2
67	29	0
67	29	153
67	15	7
67	15	4
67	71	18
67	29	170
67	29	1
67	71	31
67	29	42
67	71	19
67	71	30
67	71	17
67	71	51
67	15	36
67	15	55
67	71	22
67	29	30
67	2	129
67	15	38
67	71	26
67	2	128
67	29	17
67	15	169
67	71	12
67	15	3
67	15	5
51	17	67
51	17	164
51	19	115
51	17	268
51	17	32
51	17	168
51	8	9
51	8	29
51	8	16
51	17	75
51	8	33
51	6	123
51	8	10
51	6	129
51	17	54
51	6	128
51	17	117
51	8	27
51	17	213
51	21	34
51	21	29
51	21	51
51	8	34
51	6	126
51	3	16
51	3	9
51	21	68
51	8	53
51	8	49
51	3	29
51	48	4
51	48	6
51	48	7
51	48	73
51	48	3
51	48	32
51	38	128
51	48	157
51	8	18
51	17	198
51	48	86
51	48	152
51	48	38
51	17	196
51	48	153
51	66	6
51	48	0
51	66	7
51	48	42
51	66	4
51	48	170
51	38	129
51	48	155
51	38	126
51	48	1
51	48	5
51	48	154
51	48	67
51	48	74
51	48	2
51	43	259
51	43	194
51	43	196
51	43	170
51	43	67
51	43	44
51	43	198
51	43	453
51	8	19
51	48	11
51	48	169
51	66	38
51	66	3
51	38	123
51	21	49
51	48	30
51	21	53
51	48	197
51	21	117
51	66	169
51	48	109
51	17	212
51	21	114
51	3	33
51	48	55
51	66	152
51	48	72
51	48	175
51	48	127
51	3	10
51	66	157
51	85	67
51	48	15
51	48	198
51	43	211
51	48	444
51	6	35
51	48	196
51	21	32
51	8	31
51	8	22
51	66	153
51	66	5
51	48	63
51	3	27
51	66	0
51	66	36
51	85	168
51	85	167
51	85	155
51	85	154
51	85	32
51	85	117
51	85	198
51	85	199
51	85	196
51	85	72
51	85	54
51	85	489
51	8	28
51	6	121
51	48	75
51	17	163
51	66	86
51	66	1
51	8	30
51	66	40
51	48	264
51	48	20
51	8	17
51	66	32
51	21	109
51	21	263
51	48	140
51	48	477
51	21	9
51	48	284
51	48	199
51	48	69
51	8	111
51	17	197
51	6	131
51	6	132
51	66	42
51	8	51
51	17	199
51	8	12
51	24	6
51	24	7
51	3	34
51	24	4
51	3	18
51	8	76
51	21	18
51	21	16
51	66	39
51	8	26
51	21	209
51	38	35
51	8	23
51	8	148
51	66	55
51	3	53
51	21	111
51	3	49
51	17	257
51	21	22
51	24	169
51	24	36
51	24	38
51	8	142
85	17	164
85	17	67
85	17	268
85	8	9
85	8	29
85	8	16
85	17	32
85	17	168
85	17	75
85	19	115
85	8	33
85	8	10
85	8	27
85	8	28
85	6	123
85	3	16
85	3	9
85	8	19
85	8	34
85	17	213
85	3	29
85	6	129
85	6	128
85	38	128
85	8	142
85	8	111
85	8	53
85	8	49
85	38	126
85	38	129
85	17	212
142	8	9
142	8	29
142	8	16
142	17	164
142	17	67
142	17	268
142	17	32
142	17	168
142	19	115
142	8	10
142	17	75
142	8	33
142	8	142
142	3	16
142	3	9
142	3	29
142	8	28
142	8	34
142	8	27
142	6	123
142	6	129
142	8	19
142	6	128
142	8	111
142	17	213
142	3	142
142	38	128
142	8	53
142	8	49
142	38	126
142	8	85
142	6	126
142	3	10
142	38	129
142	3	28
142	17	212
142	17	117
142	8	18
142	8	51
142	3	33
142	8	23
142	8	31
18	19	115
18	8	9
18	8	29
18	8	16
18	17	67
18	17	164
18	8	33
18	17	268
18	8	10
18	17	32
18	6	123
18	8	27
18	6	129
18	6	128
18	17	168
18	8	18
18	8	53
18	8	49
18	8	34
18	6	126
18	17	75
18	3	16
18	3	9
18	3	29
18	8	22
18	8	31
18	17	54
18	3	33
18	3	10
18	8	19
18	8	30
18	8	17
18	17	198
18	17	196
18	3	27
18	38	128
18	8	26
18	8	148
18	17	213
18	6	121
18	6	131
18	6	132
18	38	129
18	8	76
18	38	126
18	3	18
18	6	35
18	66	6
18	66	7
18	66	4
18	8	12
18	48	7
18	48	4
18	48	32
18	48	3
18	48	6
18	48	73
18	48	157
18	38	123
18	48	86
18	48	38
18	48	152
18	48	153
18	48	0
18	48	42
18	17	117
18	48	170
18	3	53
18	48	5
18	48	154
18	48	155
18	3	49
18	3	34
18	17	163
18	48	2
18	66	38
18	48	67
18	8	8
18	48	1
18	48	74
18	48	169
18	66	3
18	43	259
18	43	194
18	43	196
18	43	170
18	43	67
18	43	44
18	43	198
18	43	453
18	48	11
18	8	21
18	41	99
18	48	30
18	66	169
18	8	102
18	48	197
18	8	78
18	3	22
18	41	98
18	8	24
18	66	157
18	48	72
18	66	152
18	48	109
18	48	55
18	48	15
18	48	175
18	8	100
18	8	23
18	48	127
18	66	36
18	85	67
18	48	198
18	48	444
18	66	0
18	8	111
18	48	196
18	8	69
18	8	28
18	66	153
18	17	257
18	66	40
18	8	51
18	8	108
18	17	212
18	66	86
18	48	75
18	48	63
18	66	5
18	43	211
18	66	1
18	17	197
18	48	264
18	48	140
18	48	20
18	85	168
18	85	167
18	85	155
18	85	154
18	85	32
18	85	117
18	85	198
18	85	199
18	85	196
18	85	72
18	85	54
18	85	489
18	66	32
18	48	477
18	48	284
18	48	199
18	48	69
18	3	148
18	3	31
18	66	42
18	8	81
18	66	39
18	3	76
18	3	19
18	66	55
18	24	6
18	24	7
18	24	4
18	41	198
18	8	70
18	3	30
18	3	17
18	38	35
18	66	37
18	25	481
18	25	482
18	17	99
18	24	36
18	8	11
18	38	121
18	45	31
18	45	29
18	66	30
18	66	17
18	45	33
18	24	169
18	45	10
18	45	9
18	38	132
18	38	131
18	3	26
18	24	38
18	45	30
18	45	17
18	21	34
18	3	102
18	3	12
18	6	161
18	24	40
18	41	200
18	45	27
18	21	29
18	45	16
18	3	78
18	24	3
18	3	24
18	41	54
18	77	31
18	77	29
18	24	152
18	66	41
18	77	33
18	77	10
18	41	196
18	77	9
18	21	51
18	45	26
18	3	100
18	45	53
18	24	157
18	45	49
18	24	86
18	3	51
18	41	117
18	66	185
18	77	27
18	3	8
18	19	75
18	17	296
18	8	77
18	24	0
18	77	17
18	77	30
18	66	175
18	66	117
18	3	21
18	17	167
18	77	16
18	8	35
18	24	39
18	6	122
18	24	153
18	45	18
18	8	142
18	134	99
18	19	116
18	77	53
18	21	68
18	77	49
18	8	63
18	8	117
18	6	124
18	66	170
18	3	23
18	24	37
18	3	81
18	6	125
18	8	75
18	45	34
18	77	26
18	48	117
18	24	5
91	17	164
91	17	67
91	17	268
91	17	32
91	8	9
91	19	115
91	8	29
91	8	16
91	17	168
60	101	96
60	101	32
60	22	29
60	101	83
60	22	9
60	101	117
60	101	154
60	22	16
60	101	140
60	22	33
60	101	198
60	22	10
60	101	138
60	22	27
60	22	34
60	101	196
60	22	53
60	22	49
60	101	199
60	22	18
60	101	67
60	101	139
60	22	51
60	22	19
60	61	67
60	22	111
60	101	72
60	22	31
60	124	67
60	22	22
107	32	123
107	32	129
107	32	128
107	32	126
107	32	121
107	32	35
107	32	131
107	32	132
57	22	29
56	22	29
56	101	96
56	101	32
56	22	9
56	101	83
56	22	16
56	22	33
56	101	117
56	101	154
56	22	10
56	101	140
56	22	27
56	101	198
56	22	34
56	101	138
56	22	53
56	22	49
56	101	196
56	101	199
56	22	18
56	22	51
56	101	67
56	101	139
56	22	19
56	22	111
56	61	67
56	22	31
56	22	22
56	22	23
56	101	72
56	22	12
56	124	67
56	22	68
56	22	30
56	22	17
56	101	404
119	101	96
119	101	32
119	101	83
119	22	29
119	101	117
119	101	154
119	101	140
119	22	9
119	101	198
119	22	16
119	101	138
119	22	33
119	22	10
119	101	196
119	22	27
119	22	34
119	22	53
119	22	49
119	101	199
119	101	139
119	101	67
119	22	51
119	22	18
119	22	19
119	61	67
119	22	111
119	101	72
61	22	29
87	32	123
87	76	18
87	32	129
87	32	128
87	76	9
87	76	27
87	76	102
87	76	76
87	76	148
87	76	29
87	76	16
87	76	22
87	76	24
87	76	78
87	32	126
87	76	33
87	76	100
87	76	10
87	76	53
87	76	49
87	76	81
87	22	29
87	32	121
87	22	9
87	101	96
87	32	35
87	101	32
87	22	16
87	32	131
87	32	132
87	22	33
87	22	10
87	22	27
87	101	83
87	76	31
87	76	21
87	101	117
87	101	154
87	22	34
87	22	53
87	76	30
87	22	49
87	76	17
87	101	140
59	101	96
59	101	32
59	22	29
59	101	83
59	22	9
59	101	117
59	101	154
59	22	16
59	101	140
59	22	33
59	101	198
59	101	138
59	22	10
59	22	27
59	22	34
59	101	196
59	22	53
59	22	49
59	101	199
59	101	67
59	101	139
59	22	18
59	22	51
59	22	19
59	22	111
59	61	67
59	101	72
59	22	31
59	22	23
59	22	22
59	124	67
59	22	12
59	22	68
59	101	404
148	19	115
148	17	67
148	17	164
148	17	268
148	8	9
148	8	29
148	17	32
148	8	16
148	17	168
148	8	33
148	8	10
148	8	18
148	8	27
148	8	53
148	8	49
148	8	22
148	6	123
148	17	75
148	6	129
148	8	148
148	6	128
148	8	76
148	17	54
148	3	16
148	3	9
148	17	198
148	17	196
148	3	29
148	41	99
148	41	98
148	8	34
148	8	102
148	8	31
148	8	78
148	3	33
148	6	126
148	8	30
148	8	100
148	8	17
148	3	18
148	3	10
148	8	24
148	17	213
148	17	117
148	3	27
148	8	19
148	8	26
148	17	163
148	3	22
148	8	12
148	66	6
148	66	7
148	66	4
148	41	198
148	48	3
148	48	73
148	48	6
148	48	4
148	48	7
148	48	32
148	48	86
148	48	157
148	48	152
148	48	38
148	48	153
148	3	148
148	48	0
148	3	53
148	48	42
148	3	49
148	48	170
148	66	38
148	8	69
148	8	21
148	3	76
148	48	1
148	48	5
148	48	155
148	66	3
148	48	154
148	48	67
148	8	81
148	6	131
148	6	132
148	48	2
148	8	108
148	38	128
148	48	169
148	43	259
148	43	194
148	43	196
148	43	170
148	43	67
148	43	44
148	43	198
148	43	453
148	66	169
148	48	74
148	48	11
148	48	197
148	38	129
148	17	99
148	41	200
148	48	30
148	66	157
148	6	121
148	48	72
148	66	152
148	48	109
148	3	102
148	66	36
148	38	126
148	41	54
148	48	15
148	48	127
148	48	444
148	48	55
148	8	51
148	66	40
148	48	175
148	38	123
148	48	198
148	85	67
148	48	196
148	41	196
148	17	212
148	66	0
148	3	78
148	6	35
148	25	481
148	25	482
148	48	63
148	66	86
148	41	117
151	19	115
151	17	164
151	17	67
151	17	268
151	17	32
209	17	67
209	17	164
209	17	268
209	17	32
209	19	115
24	19	115
24	17	67
24	17	164
24	17	268
24	8	9
24	8	16
24	8	29
24	17	32
24	8	33
24	17	168
24	8	10
24	8	18
24	8	27
24	8	22
24	8	53
24	8	49
24	8	76
24	8	148
24	17	75
24	3	16
24	3	9
24	3	29
24	17	54
24	17	198
24	17	196
24	8	102
24	41	99
24	41	98
24	8	24
24	8	78
24	3	33
24	8	34
24	3	10
24	8	100
24	6	123
24	8	31
24	3	18
24	6	129
24	8	30
24	3	27
24	8	17
24	17	117
24	6	128
24	17	213
24	3	22
24	8	26
24	66	6
24	8	19
24	66	7
24	17	163
24	66	4
24	8	12
24	76	18
70	19	115
70	8	9
70	8	29
70	8	16
70	8	33
70	8	10
70	6	123
70	6	129
70	6	128
70	8	27
70	8	53
70	17	67
70	17	164
70	8	49
70	8	34
70	17	268
70	17	32
70	6	126
70	8	18
70	8	31
70	17	168
70	8	30
70	8	17
70	8	19
70	8	26
70	6	131
70	6	132
70	17	75
70	38	128
70	3	16
70	3	9
70	3	29
70	38	129
70	45	31
70	45	29
70	38	123
70	45	9
70	45	33
70	38	126
70	6	121
70	3	33
70	45	10
70	45	30
70	3	10
70	45	17
70	45	16
70	8	12
70	45	27
70	8	22
54	75	99
54	75	98
54	42	18
54	42	29
54	42	22
54	42	76
54	19	115
54	42	9
54	42	33
54	42	148
54	42	78
54	9	99
54	42	27
54	9	98
54	17	67
54	17	164
54	42	16
54	42	10
54	17	268
54	42	100
54	6	123
54	17	32
54	6	129
54	6	128
54	42	102
54	15	6
54	42	53
54	42	49
54	42	81
54	8	9
54	6	126
54	75	198
54	42	24
54	8	29
54	29	7
54	29	4
54	29	3
54	29	6
54	29	73
54	17	168
54	29	32
54	29	86
145	19	115
110	19	115
110	17	164
110	17	67
36	25	481
36	25	482
39	58	6
39	58	4
39	58	7
39	58	39
39	58	5
39	120	104
39	120	15
39	120	106
39	120	58
39	120	55
39	120	117
39	120	311
39	120	267
39	58	1
39	58	187
39	58	188
39	58	38
215	15	6
95	20	18
95	20	9
95	20	76
95	20	29
95	20	27
95	20	22
95	20	148
95	20	102
95	20	16
95	20	78
95	20	24
95	20	33
95	20	100
95	20	10
95	20	53
95	20	81
95	20	49
95	20	31
95	20	30
95	20	17
95	20	21
95	20	151
95	20	51
95	20	34
95	20	282
95	20	26
95	20	150
95	20	77
95	20	69
95	20	12
95	20	108
95	20	82
95	20	19
95	20	11
95	20	117
95	20	63
95	52	95
95	20	110
95	20	68
95	20	70
95	20	35
76	19	115
76	17	164
76	17	67
76	17	268
76	17	32
76	17	168
76	8	9
76	8	16
76	8	29
76	8	18
76	8	33
76	8	10
76	8	27
76	8	22
76	8	76
76	17	54
76	17	75
76	41	99
76	17	198
76	41	98
76	17	196
76	8	148
76	8	53
76	8	49
76	17	213
76	8	78
76	17	117
76	3	16
76	3	9
76	8	102
76	3	29
76	8	100
76	3	18
76	8	24
76	8	31
76	41	198
76	3	33
76	3	22
76	48	3
76	48	73
76	48	6
76	48	4
76	48	7
76	48	32
76	48	157
76	48	86
76	48	152
76	48	38
76	3	27
76	3	10
76	48	153
76	48	0
76	48	42
76	48	170
76	8	30
76	8	17
76	17	163
76	8	81
76	8	34
76	17	99
76	3	76
76	48	5
76	48	154
76	48	155
76	48	1
76	48	67
76	48	2
76	66	6
76	66	7
76	66	4
76	48	169
76	43	259
76	43	194
76	43	196
76	43	170
76	43	67
76	43	44
76	43	198
76	43	453
76	48	74
76	41	200
76	8	19
76	48	11
76	3	148
76	6	123
76	48	197
76	48	30
76	17	212
76	41	54
76	8	26
76	48	72
76	48	109
76	8	12
76	66	38
76	6	129
76	41	196
76	48	15
76	66	3
76	6	128
76	48	55
76	48	175
76	38	128
76	48	444
76	48	127
76	3	102
76	43	211
76	3	78
76	48	198
76	41	117
76	3	53
76	66	169
76	48	196
76	8	69
76	8	51
76	38	129
76	3	49
76	8	21
76	8	108
76	85	67
76	25	481
76	25	482
76	38	123
76	66	152
76	66	157
76	48	63
76	66	36
76	38	126
76	3	100
76	48	75
76	134	99
76	66	40
76	48	264
76	17	296
76	48	20
76	48	140
22	17	67
22	17	164
22	19	115
22	17	268
22	17	32
22	8	9
22	8	29
22	8	16
22	17	168
22	8	33
22	8	10
22	8	27
22	8	18
22	6	123
22	17	75
22	8	53
22	8	49
22	6	129
22	8	22
22	6	128
22	17	54
22	3	16
22	3	9
22	3	29
22	8	34
22	17	198
22	17	196
22	3	33
22	17	213
22	8	76
22	3	10
22	8	148
22	41	99
22	6	126
22	17	117
22	3	18
22	3	27
22	8	31
22	41	98
22	8	30
22	8	17
22	8	19
22	48	3
22	48	6
22	48	4
22	48	7
22	48	32
22	48	73
22	48	157
22	48	86
22	48	152
22	48	38
22	48	153
22	8	78
22	8	102
22	48	0
22	66	6
22	66	7
22	48	42
22	66	4
22	48	170
22	3	22
22	17	163
22	38	128
22	8	24
22	48	5
22	48	155
22	48	154
22	48	1
22	8	26
22	8	100
22	48	2
22	48	67
22	38	129
22	48	169
22	48	74
22	8	12
22	43	259
22	43	194
22	43	196
22	43	170
22	43	67
22	43	44
22	43	198
22	43	453
22	48	11
22	66	38
22	66	3
22	38	126
22	48	30
22	3	53
22	48	197
22	3	49
22	38	123
22	48	109
22	66	169
22	48	72
22	66	157
22	48	55
22	48	15
22	48	127
22	66	152
22	17	212
22	48	175
22	48	444
22	48	198
22	6	121
22	41	198
22	8	21
22	48	196
22	66	36
22	3	34
22	6	131
22	6	132
22	3	76
22	85	67
22	3	148
22	8	81
22	48	63
22	43	211
22	48	75
22	66	40
22	66	0
22	17	99
22	6	35
22	66	153
22	8	51
22	8	69
22	66	86
22	48	264
22	48	20
22	66	5
22	8	108
22	48	140
22	17	257
22	41	200
22	85	168
22	85	167
22	85	155
22	85	154
22	85	32
22	85	117
22	85	198
22	85	199
22	85	196
22	85	72
22	85	54
22	85	489
22	48	477
22	66	1
22	48	284
22	48	199
22	48	69
22	17	197
22	8	111
22	8	8
22	41	54
22	66	32
22	3	102
22	66	39
22	8	23
22	66	42
22	41	196
22	25	481
22	25	482
22	24	6
22	24	7
22	3	78
22	24	4
22	21	34
22	8	28
22	66	55
22	21	29
22	41	117
22	3	24
22	17	296
22	3	100
22	134	99
22	17	167
22	8	11
22	24	36
22	66	37
22	3	31
22	21	51
22	3	19
22	24	169
22	24	38
22	66	30
22	66	17
68	17	67
68	17	164
68	17	268
68	17	32
68	19	115
68	17	168
68	17	75
68	17	54
68	48	7
68	48	4
68	48	73
68	48	6
68	48	3
68	48	32
68	48	157
68	48	86
68	48	152
68	48	38
68	48	153
68	48	42
68	8	9
68	48	0
68	48	170
68	21	29
68	21	34
68	21	51
68	48	155
68	21	68
68	8	29
68	48	154
68	8	16
68	48	5
68	48	74
68	6	123
68	48	11
68	17	117
68	17	213
68	48	1
68	43	259
68	43	194
68	43	196
68	43	170
68	43	67
68	43	44
68	43	198
68	43	453
68	48	2
68	48	169
68	48	67
68	6	129
68	6	128
68	48	30
68	48	197
68	43	211
68	48	109
68	38	128
68	48	55
68	48	175
68	66	7
68	66	6
68	66	4
68	48	72
68	48	15
68	17	198
68	38	129
68	48	127
68	38	126
68	48	198
68	17	196
68	38	123
68	85	67
68	48	444
68	21	117
68	48	196
68	6	126
68	66	38
68	85	168
68	85	167
68	85	155
68	85	154
68	85	32
68	85	117
68	85	198
68	85	199
68	85	196
68	85	72
68	85	54
68	85	489
68	6	35
68	48	63
68	66	3
68	38	35
68	48	75
68	66	169
68	48	140
68	21	263
68	21	32
68	66	152
68	8	33
68	48	264
68	21	49
68	21	53
68	39	6
68	39	7
68	8	10
68	48	20
68	39	4
68	21	109
68	66	157
68	48	477
68	48	284
68	48	199
68	48	69
68	66	5
68	21	114
68	8	27
68	66	153
68	17	212
78	19	115
78	17	67
78	17	164
78	17	268
78	17	32
78	17	168
78	8	9
78	8	16
78	8	29
78	8	18
78	41	99
78	8	33
78	8	27
78	8	22
78	41	98
78	17	54
78	8	76
78	8	10
78	17	75
78	17	198
78	17	196
78	8	148
78	17	117
78	8	78
78	17	213
78	8	102
78	8	100
78	8	53
78	8	49
78	3	16
78	3	9
78	3	29
78	41	198
78	8	24
78	3	18
78	48	3
78	48	73
78	48	6
78	48	4
78	48	7
78	48	32
78	48	157
78	48	86
78	48	152
78	48	38
78	48	153
78	41	200
78	8	81
78	48	42
78	3	22
78	48	0
78	17	99
78	48	170
78	17	163
78	66	6
78	66	7
78	3	33
78	66	4
78	3	27
78	48	5
78	3	76
78	48	154
78	48	155
78	41	54
78	48	1
78	8	31
78	48	67
78	48	2
78	3	10
78	48	169
78	43	259
78	43	194
78	43	196
78	43	170
78	43	67
78	43	44
78	43	198
78	43	453
78	41	196
78	48	74
78	48	11
78	8	30
78	8	17
78	3	148
78	41	117
78	66	38
78	17	212
78	48	197
78	48	30
78	66	3
216	22	29
83	101	96
83	101	32
83	101	83
83	22	29
83	101	117
83	101	154
83	101	140
83	22	9
83	101	198
83	22	16
83	101	138
83	22	33
83	101	196
83	22	10
83	22	27
83	22	34
83	22	53
83	22	49
83	101	199
83	101	139
83	101	67
118	101	96
118	101	32
118	22	29
118	101	83
118	101	154
118	101	117
118	101	140
118	22	9
118	22	16
118	101	198
106	101	96
106	101	32
106	22	29
106	101	83
106	22	9
106	101	117
106	101	154
106	22	16
106	101	140
106	22	33
106	101	198
106	22	10
106	22	34
106	22	27
106	101	138
106	22	53
106	22	49
106	101	196
106	32	123
106	32	129
106	32	128
201	22	29
201	22	9
201	101	96
201	101	32
201	22	16
201	22	33
201	101	83
77	17	164
77	17	67
77	17	268
77	17	32
77	19	115
77	17	168
77	8	9
77	8	29
77	8	16
77	8	18
77	17	54
77	8	33
77	17	75
77	8	27
77	8	10
77	17	213
100	19	115
100	17	67
100	17	164
100	17	268
100	17	32
100	17	168
100	8	9
100	8	16
100	8	29
100	8	18
100	41	99
100	41	98
100	8	22
100	8	76
100	8	27
100	8	33
100	8	10
100	8	148
100	8	78
100	8	100
100	8	102
100	17	75
100	8	53
100	17	54
100	8	49
100	17	198
100	17	196
100	41	198
100	8	24
100	3	16
100	3	9
100	3	29
100	17	117
100	17	213
100	3	18
100	41	200
100	8	81
100	3	22
100	41	54
100	3	76
100	17	99
100	8	31
100	41	196
100	3	27
100	3	33
100	3	148
100	41	117
100	8	30
81	19	115
81	17	67
81	17	164
81	17	268
81	17	32
81	17	168
81	8	9
81	8	29
81	8	16
81	8	18
81	41	99
81	8	27
81	41	98
81	17	75
81	17	54
81	8	33
81	17	213
81	8	10
81	8	22
81	17	198
81	17	196
81	8	76
81	8	53
81	17	117
81	8	49
81	8	148
81	8	78
81	3	16
81	3	9
81	3	29
81	41	198
81	8	100
81	8	102
81	3	18
81	8	81
81	48	3
81	48	73
81	48	6
81	48	4
81	48	7
81	48	32
81	48	157
81	48	86
81	48	152
81	48	38
102	19	115
102	17	67
102	17	164
102	17	268
102	17	32
102	8	9
102	8	16
102	17	168
102	8	29
102	8	18
102	8	33
102	8	27
102	8	22
102	8	10
102	8	76
102	8	148
102	8	102
102	8	53
102	41	99
102	17	75
102	8	49
102	17	198
102	17	196
102	17	54
102	8	78
102	41	98
102	8	100
102	3	16
102	3	9
102	8	24
102	3	29
102	3	18
102	17	117
102	17	213
102	3	22
102	3	33
102	3	27
102	8	31
102	3	10
102	3	76
102	3	148
102	8	30
102	8	81
102	8	17
102	41	198
102	17	163
102	66	6
102	3	102
102	66	7
102	66	4
150	17	67
150	17	164
150	17	268
150	17	32
150	17	168
150	41	99
150	19	115
150	41	98
229	27	9
229	27	16
229	27	29
229	27	33
229	27	27
229	27	10
229	27	18
229	27	34
229	27	53
229	27	49
229	27	22
229	27	19
229	27	31
229	27	76
229	103	126
229	103	128
229	27	148
229	27	51
229	103	129
229	27	30
229	27	17
229	27	12
229	27	28
229	27	23
229	27	102
229	27	111
229	27	78
229	27	100
229	27	21
229	27	26
189	27	9
189	27	16
189	27	29
189	27	33
189	27	27
189	27	10
189	27	18
189	27	34
189	27	53
189	27	49
189	27	22
189	27	19
189	27	31
189	27	76
189	103	126
189	103	128
189	27	148
189	27	51
189	103	129
189	27	30
189	27	17
189	27	12
189	27	28
189	27	23
189	27	102
189	27	111
189	27	78
189	27	100
189	27	21
189	27	26
161	19	115
161	30	115
161	13	4
161	13	7
161	13	6
161	13	32
161	13	3
161	13	73
161	13	86
161	13	157
161	13	152
161	6	123
161	13	74
161	13	38
161	13	5
161	13	11
161	6	128
161	6	129
161	13	153
161	13	169
161	13	154
161	13	0
161	31	138
161	13	2
161	8	9
161	6	126
161	8	29
161	8	16
161	13	170
161	8	33
161	8	10
161	13	1
161	13	117
161	31	32
161	12	9
161	12	16
161	13	42
161	12	29
161	8	27
161	8	34
161	38	128
161	13	30
161	38	129
161	38	126
161	38	123
161	6	35
161	13	55
161	8	49
161	8	53
161	31	72
161	6	121
161	31	212
161	12	33
161	17	67
161	17	164
161	12	27
161	13	67
161	13	127
161	27	9
161	27	16
161	27	29
161	17	268
161	13	175
161	13	17
161	13	155
305	32	123
305	32	129
305	32	128
305	32	126
194	29	6
194	29	7
194	29	3
194	29	4
194	29	73
194	29	32
194	29	86
194	29	74
194	29	5
194	29	157
279	35	4
279	35	6
279	35	156
279	35	3
279	35	5
279	35	7
279	35	1
279	35	69
279	35	63
279	35	154
279	35	32
279	35	152
279	35	157
279	35	38
279	35	153
279	35	117
279	64	279
190	13	4
190	13	7
190	13	6
190	13	32
190	13	3
190	13	152
190	13	86
190	13	157
190	13	73
190	13	74
190	13	5
190	13	38
190	13	11
190	13	169
190	13	153
190	13	0
190	13	154
190	13	2
190	13	117
190	13	170
190	13	1
190	13	42
190	13	30
190	13	55
190	13	17
190	13	127
190	31	138
190	13	67
190	13	155
190	13	175
200	42	18
200	42	29
200	42	22
200	42	76
200	42	78
200	42	33
200	42	148
200	42	9
200	42	27
200	42	100
200	42	10
200	42	16
200	75	99
200	42	102
200	75	98
200	42	53
200	92	18
200	92	282
200	42	49
200	92	102
200	42	81
200	42	24
200	92	27
200	9	99
200	92	24
163	63	58
163	63	55
163	44	55
163	44	58
146	17	67
146	17	164
146	17	268
146	6	123
146	17	168
146	17	32
146	6	129
146	6	128
146	8	9
146	8	29
93	32	123
88	76	18
88	76	9
88	76	27
88	76	102
88	76	76
88	76	148
88	76	29
88	76	16
88	76	22
88	76	24
88	76	78
88	76	33
88	76	100
88	76	10
88	76	53
88	76	49
88	76	81
88	32	123
88	32	128
88	32	129
88	76	31
88	76	21
88	76	30
88	76	17
88	32	126
125	13	4
125	13	6
125	13	7
125	13	32
125	13	3
125	13	73
125	13	86
125	13	157
125	13	152
125	13	74
125	13	38
125	13	5
125	13	11
125	13	153
125	13	169
125	13	154
125	13	0
125	13	2
125	30	115
125	13	117
125	13	170
125	13	1
125	13	42
125	31	138
125	13	30
125	13	55
125	12	9
125	12	16
125	31	32
125	12	29
125	13	17
125	13	127
125	13	67
125	13	175
125	13	155
44	71	29
44	71	9
47	50	29
47	50	68
45	50	29
45	50	68
48	50	29
48	50	68
46	50	29
46	50	68
204	13	4
204	13	6
204	13	7
204	13	3
204	13	32
204	13	86
204	13	73
204	13	74
204	13	157
204	13	5
204	13	38
204	13	152
204	13	11
204	13	169
204	13	154
204	13	0
204	13	153
204	13	2
204	13	117
204	13	170
204	13	1
204	13	42
164	130	65
164	130	66
164	130	63
164	130	64
164	130	58
138	20	18
138	20	9
138	20	76
138	20	29
138	20	27
138	20	22
138	20	148
138	20	16
138	20	102
138	20	78
138	20	33
138	20	24
138	20	100
138	20	10
138	20	53
138	20	49
138	20	81
138	2	129
138	2	123
138	2	128
138	20	31
138	2	126
138	20	30
138	20	17
138	20	21
138	20	26
138	20	34
138	20	151
138	20	51
138	20	12
138	20	69
138	20	108
138	20	150
138	2	121
138	20	77
138	20	282
138	2	35
188	58	6
188	58	4
188	58	7
188	58	39
188	58	5
188	58	1
188	58	187
188	58	188
188	58	38
187	58	6
187	58	4
187	58	7
187	58	39
187	58	5
187	58	1
187	58	187
187	58	188
187	58	38
113	17	164
113	17	67
71	6	123
71	6	128
71	6	129
116	7	128
116	7	129
116	7	126
116	7	123
116	7	35
116	47	16
116	47	9
116	7	121
116	47	29
116	7	131
116	7	132
62	68	55
62	68	58
62	68	56
62	68	59
62	68	119
62	68	6
62	68	35
210	71	29
210	71	9
210	71	33
210	71	16
210	71	10
210	71	27
210	71	34
210	71	53
210	71	49
210	71	18
210	71	31
210	71	19
210	71	30
210	71	17
210	71	51
210	71	22
210	71	26
210	71	12
210	71	111
156	15	6
156	15	7
156	15	4
156	15	39
156	15	38
181	20	18
181	20	9
181	20	29
181	20	76
181	20	22
181	20	16
181	20	148
181	20	27
181	20	102
181	20	33
181	20	78
181	20	10
181	20	24
181	20	100
181	20	53
181	20	49
82	19	115
82	17	164
82	17	67
82	17	268
82	17	32
82	17	168
247	32	123
387	137	180
387	137	179
282	19	115
389	137	180
389	137	179
328	137	180
328	137	179
388	137	180
388	137	179
325	137	180
325	137	179
